10000 400000
85 41
38 72
69 80
68 65
22 96
67 49
61 51
87 63
24 66
83 80
60 71
52 64
60 90
31 49
99 23
11 94
24 25
15 51
39 13
97 67
76 19
33 12
18 99
35 92
0 74
71 95
33 39
32 39
45 37
71 57
5 95
24 71
8 86
54 51
24 74
70 75
63 33
99 29
94 58
13 52
99 35
57 46
23 71
3 17
48 94
18 77
11 83
25 83
62 59
78 2
7 86
65 94
32 80
84 39
65 60
61 72
84 58
72 8
19 12
49 47
59 49
52 71
22 34
20 21
33 92
39 80
9 74
97 28
93 100
25 29
66 4
81 79
21 98
62 91
4 82
100 59
1 34
80 51
69 92
39 77
97 38
34 51
19 35
1 22
9 67
31 90
11 82
84 51
70 78
42 74
88 100
80 53
62 57
51 32
63 48
46 92
61 4
98 31
52 69
20 88
41 68
79 48
98 97
44 56
3 73
100 63
87 87
79 41
83 64
1 63
72 21
9 24
51 75
53 25
0 77
30 52
93 96
89 32
89 70
71 55
40 79
64 10
30 80
62 19
98 67
8 42
57 32
22 27
38 1
52 89
43 74
2 8
82 65
67 20
43 22
95 22
48 16
6 25
86 75
3 96
43 85
93 69
61 4
81 53
84 43
15 20
22 34
26 35
33 28
19 67
19 79
8 45
51 13
86 0
18 68
82 47
16 3
0 80
39 18
5 22
65 26
21 70
66 92
14 65
46 6
21 46
80 32
86 35
67 6
42 29
14 71
55 77
1 3
38 14
82 71
65 41
5 12
3 77
22 67
40 59
48 81
63 63
45 25
78 32
26 83
18 96
45 99
31 56
45 30
80 47
7 1
18 81
90 1
71 15
69 22
18 44
60 31
93 16
17 13
97 44
51 98
42 46
47 22
97 72
52 24
59 55
100 25
5 28
76 14
41 32
61 97
20 32
2 0
41 8
77 52
22 35
78 98
68 92
82 29
28 33
5 16
21 9
26 13
59 39
10 69
4 42
80 13
42 34
44 100
70 32
32 15
83 8
23 10
8 73
7 53
10 21
14 52
28 82
33 24
59 94
17 4
53 73
31 85
74 100
12 74
38 72
14 34
53 22
30 0
3 95
79 52
36 41
25 81
67 24
95 48
7 44
77 96
48 90
45 92
93 78
38 95
4 71
79 83
89 64
76 0
34 81
1 66
58 13
40 4
24 5
6 17
13 65
76 13
20 3
36 8
60 12
42 37
87 53
65 10
25 42
41 47
71 33
94 69
12 24
11 92
3 71
91 82
20 90
44 95
60 76
95 34
40 49
4 89
27 45
34 9
59 82
20 2
22 68
10 29
23 1
47 19
76 16
49 47
94 90
18 10
69 55
26 14
77 59
8 73
72 21
74 1
51 76
44 94
98 24
77 71
9 59
49 12
72 38
55 22
61 35
48 16
21 41
74 67
4 92
85 7
92 34
96 39
26 42
1 1
64 4
96 33
23 62
76 67
47 26
73 32
30 82
61 14
92 21
4 40
38 2
64 76
14 8
49 3
31 71
86 38
17 98
98 15
55 32
46 69
3 61
67 44
44 50
0 76
23 45
11 25
99 82
39 11
40 50
52 21
60 17
90 44
6 44
38 16
41 3
56 43
24 26
9 0
36 90
13 50
88 42
66 87
28 32
94 73
11 52
47 35
87 9
57 37
56 15
95 38
43 6
30 23
39 84
69 88
34 5
93 81
2 86
10 77
30 28
68 97
12 14
1 88
35 100
30 73
43 2
41 11
82 58
84 6
16 71
67 18
100 41
78 92
7 57
69 35
76 56
93 13
26 26
21 38
7 96
2 88
17 60
95 54
2 26
21 0
11 87
36 96
88 83
24 31
62 24
88 14
39 84
17 22
96 84
78 1
53 91
35 9
87 75
33 100
42 80
20 7
65 50
92 81
45 14
34 96
20 6
51 86
19 4
91 70
0 13
70 42
15 43
14 47
72 96
91 41
72 11
92 7
16 12
13 51
40 86
43 50
26 55
1 7
18 70
99 71
55 49
78 94
59 40
96 20
6 34
85 28
70 42
63 62
34 32
80 97
47 49
73 50
63 85
29 20
19 0
84 91
55 58
4 33
55 68
38 12
9 49
99 13
35 4
5 26
29 42
20 98
77 95
63 36
42 41
81 45
53 40
5 60
9 55
34 13
52 6
35 28
29 33
67 21
61 57
41 21
54 95
19 50
75 81
73 67
47 77
83 40
28 16
13 3
87 15
22 30
49 39
52 42
100 83
67 7
30 27
47 62
4 76
13 19
78 25
4 55
48 21
59 42
47 59
47 26
67 92
2 49
67 27
44 76
23 44
83 69
64 100
95 44
46 63
77 17
16 81
80 77
10 78
42 26
5 19
62 58
59 42
77 85
87 4
70 89
3 38
10 35
87 8
67 42
2 37
55 58
56 2
94 6
46 71
35 45
30 35
73 76
15 15
0 7
14 73
91 51
58 5
27 52
32 78
98 68
39 13
85 71
40 40
17 36
80 28
76 79
90 53
73 26
71 7
25 61
46 3
71 97
76 64
22 21
97 25
7 27
92 70
2 99
75 42
66 56
61 71
86 10
52 79
81 46
5 5
98 76
72 81
66 55
15 91
92 62
13 69
91 79
98 15
96 88
33 86
89 34
89 22
10 36
10 68
39 56
84 100
76 55
15 26
0 76
79 0
31 35
91 64
74 88
34 8
19 28
93 70
19 4
40 41
7 42
51 66
76 55
70 16
56 3
95 64
93 64
97 52
72 21
47 82
2 57
7 57
54 96
8 66
72 67
53 90
73 43
95 53
49 77
41 87
15 86
17 55
50 72
68 54
72 13
63 2
53 41
82 0
4 98
30 0
3 29
20 64
37 98
22 82
11 83
60 28
44 22
74 61
6 78
51 62
14 35
38 92
18 18
91 96
14 14
98 39
2 82
63 79
91 80
71 16
40 82
75 12
67 94
98 38
20 50
4 65
61 55
40 26
96 15
68 22
36 26
44 15
31 61
4 70
0 23
49 3
94 48
6 54
36 96
63 42
76 28
25 15
58 28
84 52
69 13
19 20
63 30
25 66
14 31
35 77
32 5
78 1
43 97
58 2
73 11
78 56
91 99
0 40
4 10
18 100
85 14
76 20
56 66
57 62
79 35
61 43
60 32
37 41
63 32
76 13
76 98
41 88
45 16
55 29
50 32
31 96
92 58
71 43
55 4
22 3
54 7
2 91
84 100
32 18
64 73
78 45
86 22
46 58
19 28
60 6
15 80
12 65
86 65
94 73
85 4
67 90
17 95
49 44
27 16
15 58
83 97
41 78
7 91
20 13
85 18
55 56
87 87
77 31
63 47
18 55
35 81
14 0
46 5
94 34
11 7
74 97
34 37
65 7
62 45
83 69
85 38
96 39
89 100
86 44
26 28
18 24
78 23
10 45
24 4
95 69
66 43
32 52
93 79
11 68
74 63
32 11
40 33
5 68
14 81
82 34
78 96
84 23
55 65
20 85
35 16
86 16
90 66
18 1
92 83
95 36
67 34
17 94
88 84
11 54
38 82
98 35
70 89
70 54
0 11
31 66
69 21
56 79
89 5
28 0
11 95
61 40
5 8
34 40
67 96
66 60
15 39
74 59
55 41
51 69
4 56
21 91
2 93
8 21
12 21
61 64
80 38
9 54
32 95
88 57
65 66
21 25
13 64
56 90
45 37
57 64
51 64
62 55
30 54
2 27
1 73
97 0
24 29
55 87
59 14
2 49
69 60
15 49
95 9
12 35
45 70
31 73
93 59
4 1
92 83
38 43
24 66
18 6
35 52
28 50
79 36
82 63
15 36
85 81
87 2
32 63
60 13
42 76
6 11
92 51
76 3
48 62
29 78
78 72
49 40
69 49
9 43
5 98
57 91
25 44
45 15
96 18
11 4
64 57
51 17
70 97
72 82
47 67
34 89
30 1
2 52
35 92
51 21
64 37
77 41
58 83
50 34
20 64
55 79
36 91
9 7
10 56
86 47
6 35
22 92
66 25
26 24
10 20
12 70
21 21
78 100
19 61
60 47
72 84
5 19
59 44
90 38
75 60
57 24
70 44
88 26
69 73
63 31
66 25
56 47
37 27
49 2
45 59
18 72
94 91
81 4
57 88
82 69
62 64
28 72
93 8
63 4
0 69
62 28
55 0
99 58
4 35
100 65
57 95
77 42
35 96
45 21
57 70
98 61
18 83
59 76
33 2
79 38
16 51
60 62
46 17
96 77
67 16
12 96
73 29
85 94
58 7
23 95
58 56
78 48
69 22
39 57
75 79
44 86
76 12
53 3
66 66
68 82
89 32
56 84
29 18
57 34
36 31
27 55
68 46
84 7
44 35
78 15
16 93
24 91
3 43
43 48
10 70
78 63
98 51
79 100
75 20
78 16
29 57
88 89
58 87
62 76
42 11
30 45
13 49
91 26
74 76
63 98
76 88
52 60
86 28
29 93
84 85
25 5
70 43
25 29
78 61
80 5
65 9
39 7
91 44
60 42
54 38
31 19
87 94
46 68
52 57
16 91
90 95
32 73
1 4
17 92
67 68
33 49
5 3
80 1
31 75
53 40
2 58
31 63
80 87
50 11
74 1
52 31
70 53
85 1
99 6
35 15
49 28
97 75
25 33
44 74
47 18
47 29
56 44
31 69
7 79
23 46
76 95
38 47
97 37
79 79
60 47
5 75
48 23
70 97
2 67
57 83
90 58
13 74
89 77
77 2
21 76
93 100
64 82
94 34
88 31
77 91
47 32
18 38
70 81
20 0
37 41
17 37
43 77
79 99
34 4
74 66
1 4
38 59
34 34
24 0
76 9
95 56
43 51
51 55
10 65
12 73
66 17
97 54
57 52
65 84
38 89
28 55
98 77
36 10
33 93
99 58
19 36
59 77
35 50
85 83
3 87
63 3
31 16
2 17
27 38
59 28
63 29
52 75
2 60
14 3
28 79
30 75
77 39
65 75
79 59
47 2
29 4
84 96
98 37
56 16
34 63
32 75
80 69
60 24
95 3
57 40
94 60
37 22
79 20
2 27
89 59
37 88
37 81
56 11
33 95
25 82
14 76
81 79
79 48
54 53
95 69
96 99
24 98
81 43
69 89
27 71
61 33
91 22
46 55
83 15
75 28
82 34
61 86
79 2
74 3
56 63
65 33
64 87
22 66
42 84
47 100
23 45
83 46
44 68
77 74
7 88
18 47
87 64
39 96
60 74
57 70
74 6
98 65
89 85
68 8
90 87
41 43
52 2
19 75
35 11
35 27
85 65
41 28
74 7
83 39
61 13
38 80
79 74
39 22
22 45
32 81
95 17
37 25
3 99
42 66
7 17
23 56
7 30
11 78
10 74
72 13
34 70
35 95
42 64
9 71
96 95
81 22
78 36
78 19
33 4
46 91
6 3
5 33
34 39
32 54
24 59
24 4
98 80
32 41
25 39
70 63
98 45
56 85
29 24
75 14
91 35
30 93
81 9
71 39
8 47
100 44
43 88
48 49
6 93
31 18
8 74
95 89
24 11
7 1
61 15
12 34
40 34
72 81
26 98
79 41
51 69
46 73
44 31
90 58
0 77
85 6
59 77
1 41
69 8
50 50
57 37
30 63
24 34
86 80
83 81
76 14
55 79
96 51
64 73
96 18
28 100
82 86
4 51
94 73
18 10
15 15
61 55
27 63
11 27
33 7
66 39
49 8
92 7
6 0
70 46
14 38
77 32
2 31
19 23
29 61
31 51
46 69
37 55
27 56
7 31
13 15
65 47
88 35
0 89
31 70
62 6
36 29
58 15
62 61
24 58
83 26
44 77
47 66
79 78
13 88
74 55
60 15
89 13
94 100
18 72
13 62
14 3
47 7
52 93
69 33
12 41
85 9
19 94
1 43
25 12
82 76
22 64
54 53
90 59
95 50
34 6
31 92
17 55
97 9
77 53
9 19
55 10
48 72
44 98
84 37
6 15
41 60
20 39
1 68
23 67
65 74
76 14
100 29
10 70
12 3
76 14
77 12
36 68
31 78
87 53
49 66
68 51
73 97
29 20
68 69
7 32
60 14
8 6
26 87
33 38
69 66
58 82
42 24
90 56
7 42
84 0
12 76
46 34
13 76
67 50
30 65
91 41
38 53
53 66
10 28
73 43
11 46
73 89
11 45
52 8
89 23
53 51
0 9
78 4
15 24
55 27
82 15
38 5
27 16
11 76
86 47
76 80
11 72
82 59
98 21
60 24
17 17
50 61
0 51
19 80
100 85
62 10
97 69
62 85
11 38
80 80
23 61
35 47
84 74
37 42
34 27
0 56
65 23
86 16
78 53
57 72
90 21
59 74
70 24
77 6
46 26
10 20
41 0
47 57
15 32
64 66
48 62
16 21
27 31
65 76
48 80
40 61
92 72
77 92
16 24
0 35
58 52
91 73
95 21
10 69
18 61
7 52
16 37
0 73
3 34
62 0
48 68
17 31
55 95
23 98
60 50
98 16
17 20
79 39
17 95
27 80
51 78
42 59
35 33
90 3
49 6
16 65
21 32
88 79
13 98
48 28
41 51
36 43
77 40
27 98
47 57
34 41
53 92
77 0
7 15
80 40
45 35
22 90
45 91
50 37
47 5
53 33
69 79
41 65
92 67
85 38
45 87
50 24
54 1
32 7
73 1
73 35
88 45
25 68
21 55
64 30
14 4
48 21
42 79
87 34
43 94
10 85
79 61
74 9
79 26
70 67
49 95
14 76
76 95
56 36
68 37
79 67
24 3
85 61
23 9
37 88
69 57
60 1
37 82
7 58
96 46
73 69
1 52
54 30
87 1
22 60
14 30
3 74
64 42
68 19
26 42
70 27
8 44
39 87
13 80
53 38
89 61
94 76
89 16
44 61
4 78
17 82
51 42
94 19
23 64
68 27
85 74
69 2
99 45
12 52
38 51
32 14
10 61
66 80
94 40
27 51
79 79
87 83
46 5
7 62
7 49
81 24
10 70
4 91
50 27
35 22
64 7
97 71
29 13
61 62
56 1
75 11
62 98
27 78
5 22
6 29
47 37
40 0
50 23
67 3
69 78
32 28
60 86
4 3
69 62
62 87
44 6
23 57
91 43
48 54
82 64
55 39
16 90
36 71
87 83
77 31
64 45
53 100
50 91
27 87
25 24
34 95
57 60
48 69
0 45
96 54
65 14
65 94
30 85
50 84
67 35
72 61
56 54
28 83
33 56
27 1
50 69
21 25
57 4
48 9
0 40
28 27
22 96
4 73
94 34
47 16
42 80
36 88
25 63
57 37
74 24
70 84
80 54
38 65
74 55
82 34
52 8
99 19
28 88
92 35
33 12
92 46
75 75
57 14
77 78
76 69
84 10
23 19
82 98
81 85
85 35
20 80
49 81
71 8
91 96
34 93
52 58
52 9
14 70
68 9
31 95
46 42
12 10
59 73
18 99
67 43
1 41
16 4
24 34
91 59
42 81
66 22
49 83
12 90
35 17
18 35
66 2
98 37
43 20
38 47
55 12
100 14
87 94
91 61
56 24
86 7
19 100
1 23
96 90
34 96
74 51
35 78
14 51
42 34
9 30
95 10
56 76
46 19
80 39
14 83
49 22
5 81
50 7
69 61
21 2
51 83
89 60
74 17
39 20
70 29
80 77
96 82
71 85
15 4
14 80
46 82
6 81
71 31
43 88
87 9
38 34
74 22
29 31
67 100
14 88
100 21
0 44
24 60
4 70
81 6
58 46
16 7
33 52
84 58
98 48
89 21
45 46
55 29
38 48
19 77
74 87
58 66
24 6
99 69
34 65
0 34
72 91
36 90
34 39
81 76
50 66
45 2
83 76
100 91
52 66
71 57
63 29
26 21
84 32
5 23
81 97
99 97
65 38
29 96
97 34
14 56
28 31
39 23
78 50
7 97
26 21
30 52
100 46
94 75
2 45
69 63
3 83
81 62
68 25
80 14
23 23
72 73
7 3
1 49
99 33
3 37
80 64
88 100
58 32
34 44
39 54
72 21
8 98
91 57
5 13
5 30
60 93
52 3
87 80
66 67
0 90
24 31
11 68
1 71
82 56
88 76
90 20
55 98
70 100
84 68
49 36
40 49
94 80
95 51
58 15
69 14
78 78
0 74
98 67
68 65
74 64
89 63
10 47
93 41
34 47
40 81
64 93
7 71
98 97
17 8
17 21
37 40
26 15
31 58
21 86
96 14
5 5
26 55
67 80
78 83
47 33
34 55
80 10
35 76
87 74
7 40
83 60
71 87
0 86
40 38
0 52
97 3
7 23
87 74
74 58
47 18
39 70
96 36
33 29
64 12
63 66
20 57
66 93
0 31
37 45
89 24
31 62
19 12
35 63
65 30
52 37
41 95
84 46
49 45
7 14
71 33
23 98
62 83
69 9
63 32
60 27
95 43
3 49
82 98
91 48
51 51
44 82
2 38
26 99
85 59
54 100
49 59
42 15
37 1
88 53
10 29
91 28
67 53
10 49
93 58
0 6
48 32
27 41
67 0
82 11
20 56
85 33
79 48
44 72
1 98
40 20
83 40
81 21
99 12
70 80
7 96
64 70
81 4
29 20
39 24
78 59
99 74
77 89
47 50
88 22
22 71
61 51
26 77
67 84
38 93
34 25
54 10
80 3
71 80
68 6
59 34
45 79
53 52
71 21
53 83
69 44
49 80
40 9
30 76
99 40
25 14
60 42
37 95
60 79
51 6
42 55
70 77
39 83
77 59
85 30
77 45
87 87
9 29
40 89
47 8
38 62
72 68
27 98
21 64
45 44
80 59
99 94
28 49
31 32
98 49
17 66
24 97
96 80
46 94
91 91
29 84
95 58
24 87
22 44
44 86
75 65
50 55
5 2
84 15
48 95
11 97
71 78
79 39
36 0
39 6
15 59
33 79
71 37
86 23
9 43
4 91
17 40
84 31
94 3
88 78
32 25
55 72
85 87
42 38
89 71
48 48
83 80
48 18
16 2
52 29
88 28
90 8
84 63
10 81
74 87
96 29
96 71
30 65
77 38
60 36
65 62
0 11
42 78
38 8
93 46
47 29
6 14
20 29
26 26
58 40
35 98
6 88
63 27
65 21
69 60
82 92
89 95
52 93
36 46
11 79
77 80
16 92
50 73
61 11
85 17
76 78
71 67
83 52
18 94
81 91
7 80
16 19
97 64
93 16
99 36
67 53
71 77
31 88
37 100
52 7
37 13
25 49
99 34
29 56
14 3
99 79
29 50
6 6
72 28
81 95
98 37
20 77
80 75
31 73
80 62
21 35
7 51
65 79
40 24
58 14
63 37
90 7
78 7
11 61
93 50
46 42
95 95
75 91
78 11
50 23
83 97
87 6
92 48
62 98
52 17
37 36
0 25
37 0
17 44
34 99
81 9
9 1
89 36
52 100
52 4
90 10
86 63
41 71
95 66
79 79
71 75
69 52
10 42
5 85
6 34
84 43
16 53
17 62
67 46
63 19
93 78
78 84
6 92
8 100
98 29
33 38
39 17
74 74
58 100
41 12
95 8
71 72
20 70
72 69
54 46
79 71
71 99
64 17
26 72
29 58
78 40
37 65
65 44
16 6
65 69
12 71
66 22
98 27
57 88
25 85
68 3
1 73
74 73
82 36
47 27
47 35
41 3
71 68
60 26
8 23
11 99
59 15
98 16
35 100
47 34
99 72
60 36
9 21
31 63
46 74
8 54
83 1
52 75
39 21
87 47
34 45
5 57
1 20
60 27
49 50
53 31
38 96
32 5
23 50
1 68
81 27
53 47
86 18
44 84
86 50
15 59
55 18
99 87
39 47
58 90
91 31
80 90
12 49
8 11
14 17
11 36
51 49
4 97
52 29
95 36
6 34
93 52
92 68
24 81
100 83
75 23
88 74
4 84
17 2
16 66
53 73
92 61
0 38
21 49
11 56
79 59
7 70
17 76
25 12
32 79
32 7
57 2
11 93
61 18
43 65
65 52
16 3
38 83
85 65
9 76
66 1
58 83
94 56
62 89
24 95
15 68
11 70
60 10
68 36
52 36
32 79
53 21
82 7
22 79
100 59
12 64
8 5
66 86
4 48
53 34
19 95
49 82
96 22
56 33
91 35
52 96
69 72
74 51
74 90
14 29
6 51
51 79
89 45
4 36
8 4
36 68
44 27
67 48
65 74
98 51
50 99
82 90
1 46
99 88
77 20
10 5
5 72
9 45
49 19
92 52
8 12
35 83
63 76
74 82
69 49
61 57
16 73
97 59
77 32
2 47
21 65
9 82
65 71
80 24
48 65
1 98
63 90
8 62
29 74
18 4
51 19
83 57
20 41
2 78
37 20
41 57
85 67
80 26
78 9
17 24
31 56
21 72
71 83
8 93
13 33
88 71
67 11
34 82
83 68
27 83
76 0
6 29
3 51
15 38
75 53
56 0
7 45
9 91
66 85
66 52
49 91
15 55
53 85
11 91
41 39
45 57
57 22
82 44
17 79
100 80
99 9
77 55
29 66
84 91
95 44
72 11
25 77
60 36
71 25
13 52
20 36
71 5
67 37
41 38
56 36
56 46
29 19
42 27
53 90
84 14
28 86
41 41
38 0
39 84
63 96
20 5
7 18
63 50
74 69
53 29
66 0
52 39
72 63
4 70
81 66
100 7
76 61
82 53
14 96
84 28
54 57
16 75
35 83
5 59
14 41
19 64
37 30
24 92
56 40
54 4
33 25
100 50
14 67
36 68
54 90
37 19
21 43
51 81
84 94
85 82
63 82
67 85
53 65
38 0
37 94
27 21
18 48
55 70
46 30
95 22
3 44
71 74
39 21
36 83
46 22
72 68
6 88
96 32
69 79
2 94
49 95
86 38
92 13
52 98
67 37
72 34
43 36
45 92
63 85
52 11
9 5
21 61
23 90
58 2
71 28
52 93
98 48
6 41
24 74
2 89
28 2
42 34
82 100
59 82
57 86
92 97
16 17
33 19
63 59
70 3
65 91
23 78
66 41
22 29
78 38
75 24
20 72
4 21
5 40
11 15
71 80
7 63
47 13
3 13
42 0
24 41
88 53
94 10
79 51
26 27
74 49
39 98
99 20
48 80
29 85
17 67
32 66
21 91
7 83
44 83
73 32
64 4
48 67
71 52
13 71
2 85
34 91
7 29
16 66
57 46
90 67
17 44
94 72
67 45
38 100
38 61
19 88
56 37
92 9
1 14
41 50
60 66
17 78
32 65
22 1
2 86
93 76
39 49
35 85
40 88
38 69
69 59
44 47
69 82
77 5
35 56
4 41
54 3
9 10
82 50
76 51
84 89
94 61
7 27
59 22
14 21
100 81
45 61
30 16
8 6
9 61
33 70
68 11
78 12
75 66
52 24
31 77
59 0
51 84
36 44
49 44
1 61
71 2
92 16
33 35
61 61
86 62
86 96
34 88
71 7
91 59
95 74
41 78
8 52
10 43
65 73
14 42
0 46
61 40
45 91
87 15
16 40
74 19
82 36
18 97
98 42
41 29
78 32
80 65
63 39
94 86
46 60
89 24
7 32
69 34
45 42
94 25
30 90
76 92
26 12
73 69
26 82
41 7
22 37
47 66
31 74
53 70
48 30
87 11
52 97
98 50
12 19
6 93
77 55
53 63
94 8
18 17
60 63
78 49
81 91
67 8
25 93
57 48
38 24
92 85
12 32
50 33
14 62
23 47
55 7
27 39
71 55
13 76
25 47
88 59
61 27
34 23
85 57
10 51
25 50
24 12
32 13
92 80
0 13
46 34
38 88
51 33
61 73
29 18
11 8
95 10
85 56
35 57
93 44
31 47
5 88
74 48
74 26
20 7
20 64
90 43
67 61
39 69
22 20
28 66
86 90
39 56
42 79
25 68
14 40
85 86
0 96
55 78
67 73
7 59
96 84
95 93
100 51
22 64
86 12
31 83
51 75
8 96
29 60
29 64
18 29
39 50
3 36
74 16
89 90
11 71
3 16
80 32
89 19
5 71
94 58
53 18
57 88
36 44
7 39
19 9
98 82
66 52
10 5
83 79
51 29
41 14
94 23
92 97
93 40
13 10
61 56
30 56
81 94
59 19
67 16
13 83
92 19
83 34
83 62
94 26
73 100
17 29
84 19
57 9
79 44
70 10
46 52
15 48
56 26
73 8
88 85
79 65
34 6
67 37
45 99
78 49
81 47
55 5
95 19
28 67
75 56
49 51
90 42
7 6
41 75
20 89
85 71
65 8
36 62
42 66
100 52
84 81
65 30
25 55
60 86
23 96
90 59
69 19
34 66
8 46
45 70
47 8
80 62
17 43
2 31
79 63
42 12
45 14
93 80
91 27
83 17
44 20
79 4
63 83
51 57
68 82
95 95
46 7
2 35
93 94
86 71
7 65
3 13
4 58
38 92
28 97
94 16
30 87
79 13
1 77
20 39
4 13
84 17
10 60
59 5
99 18
60 36
2 30
4 67
56 9
85 47
8 84
56 19
31 22
17 32
24 86
16 40
48 61
23 62
96 25
7 88
85 92
50 7
1 55
50 60
93 6
76 83
1 82
28 23
78 45
13 33
5 15
61 21
38 86
22 34
47 37
22 47
22 44
71 81
85 60
1 0
58 61
48 3
95 71
12 59
85 1
66 44
79 56
66 7
54 37
33 52
68 13
5 96
51 53
18 74
83 13
90 57
64 60
6 100
8 60
83 50
32 69
80 20
81 44
14 54
83 78
90 5
64 8
2 79
51 36
92 90
82 96
48 75
34 46
12 70
24 92
83 36
39 66
38 42
96 85
2 67
68 32
18 19
34 56
85 49
81 76
58 30
18 94
79 76
100 21
12 86
67 46
56 22
36 31
59 59
64 64
96 42
88 24
81 65
47 81
39 46
99 50
1 79
29 60
12 43
33 91
40 43
23 85
74 87
92 45
10 76
63 59
17 79
92 50
86 95
48 35
8 60
70 68
59 34
55 41
67 23
59 15
67 51
26 3
66 28
99 75
95 39
98 86
7 70
66 39
23 86
1 93
64 71
28 13
43 30
39 52
99 53
26 30
0 100
69 68
18 65
75 4
51 4
51 68
14 52
9 3
74 31
15 78
20 63
19 70
88 91
72 55
66 72
50 56
53 81
75 46
100 92
63 74
54 100
76 96
63 56
12 1
55 46
58 37
75 10
83 80
7 46
2 37
87 57
17 89
58 82
44 21
24 51
87 73
25 64
5 11
30 2
81 95
89 17
44 11
70 24
84 45
20 71
71 66
57 86
62 68
100 42
6 24
76 46
51 13
80 31
43 62
66 72
54 70
62 88
35 52
89 31
97 68
82 64
76 59
80 73
33 2
39 20
11 7
66 58
17 1
57 25
38 65
78 25
88 4
68 94
53 74
58 80
93 80
81 9
63 100
66 36
1 51
89 66
52 64
94 71
95 68
97 61
33 72
87 81
71 35
80 31
63 44
74 35
55 86
0 44
94 96
2 85
22 41
94 15
69 20
53 62
64 77
23 69
40 29
83 94
78 68
18 5
80 38
35 41
58 35
2 90
7 18
86 74
73 88
37 59
62 73
72 11
71 78
93 48
5 49
15 22
48 55
39 6
91 96
36 0
92 8
8 67
70 48
14 9
56 94
6 29
77 65
15 21
2 7
23 23
35 81
59 60
47 65
35 93
57 97
1 97
68 55
8 47
83 47
72 85
12 35
98 10
65 8
95 22
10 18
1 18
82 68
34 3
65 66
91 92
60 56
84 72
93 30
39 92
95 24
85 43
95 75
26 74
21 21
5 70
88 22
4 10
13 31
88 40
86 42
23 100
23 67
6 60
30 1
75 53
24 60
18 61
36 18
29 85
59 33
41 63
93 87
0 20
76 64
35 6
5 23
48 27
78 6
94 86
36 84
36 100
24 81
72 91
52 31
37 10
21 65
67 7
53 29
7 3
43 46
82 86
89 68
67 68
97 87
38 64
35 61
25 11
66 26
39 46
82 37
71 12
71 19
50 43
91 46
24 78
67 56
86 96
50 21
64 81
73 54
62 28
20 64
35 51
51 84
57 5
90 76
89 52
15 34
40 70
96 14
81 39
14 36
80 13
60 46
26 84
30 83
16 33
35 95
94 36
98 65
81 78
65 30
96 60
54 15
43 8
83 93
61 53
57 23
35 54
27 16
66 35
9 81
7 81
66 58
79 69
29 76
31 91
79 100
66 4
11 75
67 55
48 30
23 87
53 79
26 76
83 100
41 2
98 95
28 90
62 2
46 19
57 44
2 96
68 42
87 13
93 93
4 83
12 45
77 58
24 99
52 31
28 89
48 69
72 93
41 100
72 50
1 71
96 35
88 0
66 73
73 80
62 84
1 12
65 62
67 85
92 16
71 89
3 20
73 55
82 37
80 57
38 35
72 89
32 51
95 96
62 9
73 82
28 0
10 56
33 1
30 54
26 3
41 25
71 6
83 25
10 71
36 52
60 83
91 95
19 62
60 40
81 29
83 96
16 20
18 28
23 61
25 34
100 40
60 3
17 90
49 39
13 61
59 69
40 32
82 35
48 86
30 62
28 79
93 96
44 67
59 95
100 80
30 65
42 70
71 40
1 95
21 11
67 66
35 38
28 96
37 85
33 66
99 3
25 95
58 52
29 80
81 95
20 13
75 42
78 48
86 37
73 96
87 42
33 25
86 37
77 15
66 29
4 36
86 89
27 86
7 20
94 86
58 44
66 77
21 97
30 64
32 62
36 22
79 84
49 60
13 36
98 63
42 37
96 1
37 54
15 61
24 24
4 9
65 23
45 28
27 65
84 61
6 42
50 21
69 61
14 25
33 53
36 69
34 19
27 58
90 17
51 32
10 0
48 40
4 72
32 55
26 18
69 88
7 97
25 26
18 92
28 14
79 94
10 51
70 98
97 80
14 87
67 83
33 11
41 5
79 80
96 90
17 41
63 34
2 91
11 56
13 84
53 32
80 70
73 100
32 77
17 38
76 87
17 99
20 31
62 24
18 24
62 68
91 89
59 37
31 83
83 62
0 93
81 0
96 87
1 63
77 3
93 13
76 20
40 66
24 32
45 27
9 33
5 96
43 85
40 2
33 78
38 68
48 64
67 40
54 36
29 5
71 93
43 33
61 37
7 88
31 13
62 7
41 24
0 79
36 79
36 13
30 72
59 10
74 94
23 79
73 18
55 22
42 15
75 9
3 36
50 67
34 84
55 13
98 62
15 86
95 32
50 6
91 21
92 74
33 78
9 66
64 64
17 95
40 37
61 31
34 63
35 22
61 98
1 98
50 61
56 84
7 92
59 84
51 60
10 41
69 95
74 32
86 10
50 91
21 69
0 70
55 10
56 31
61 45
92 24
86 67
71 13
71 56
59 38
20 27
39 27
8 34
40 2
52 85
12 7
6 59
84 31
68 50
40 17
90 29
8 65
73 45
72 58
72 53
49 34
19 97
45 34
23 58
19 66
18 64
86 75
80 12
60 15
0 69
74 74
97 68
95 100
83 38
13 63
19 92
73 84
72 58
100 34
79 8
13 9
84 12
79 51
46 73
69 77
40 47
37 97
49 60
37 59
42 36
14 87
72 23
20 77
70 23
77 1
20 28
54 51
16 1
81 51
74 40
66 90
42 42
20 85
25 17
70 42
6 76
33 45
82 98
44 31
92 20
99 16
41 55
3 94
44 36
50 23
39 83
41 24
78 85
7 63
20 77
1 52
44 44
25 0
32 16
40 56
42 1
99 24
56 25
74 61
63 25
80 14
25 53
98 15
17 71
98 90
97 47
72 47
80 15
71 30
4 67
20 38
14 76
95 78
43 3
92 14
41 68
92 89
63 2
44 5
60 56
24 96
34 46
68 49
97 14
72 84
54 92
77 36
70 2
83 73
1 36
31 9
46 13
15 39
48 78
23 91
17 59
33 67
51 77
48 31
18 12
59 41
87 15
71 11
57 30
72 31
81 66
10 67
17 99
79 75
84 81
3 32
14 3
10 97
14 54
7 65
100 14
98 55
45 75
55 7
22 1
65 68
7 80
10 58
7 10
75 92
6 86
78 83
78 2
20 43
83 4
98 65
33 89
8 93
6 34
85 77
100 2
33 22
59 17
55 22
82 83
78 1
91 89
20 35
19 77
97 2
36 53
75 62
15 91
9 68
52 71
31 79
4 70
29 82
90 0
75 91
21 96
33 32
57 1
74 48
3 19
98 52
18 64
39 77
55 70
40 8
87 84
87 97
55 87
17 89
62 9
43 18
19 67
21 11
51 17
62 71
1 48
64 16
51 87
97 55
87 9
9 42
53 47
29 95
84 71
56 48
56 62
97 55
85 14
92 70
22 42
46 94
63 50
58 19
77 96
55 36
47 65
7 59
94 0
68 28
49 57
72 65
5 76
72 28
95 6
75 53
55 94
88 27
40 81
70 3
4 20
70 95
88 16
5 61
36 9
61 78
9 44
74 71
21 6
97 91
86 1
70 22
58 74
52 21
13 55
70 24
74 19
9 74
29 0
43 10
96 54
39 48
96 6
36 31
18 69
58 88
50 49
13 83
56 53
64 60
6 91
54 37
63 29
79 7
5 35
41 56
24 39
7 4
51 96
17 39
93 56
46 46
8 45
67 100
42 71
82 8
82 30
97 47
71 90
42 13
66 41
46 34
68 83
47 11
32 67
13 34
18 77
54 71
38 93
4 50
100 80
93 56
48 86
88 85
72 78
21 44
16 100
83 69
63 85
25 97
54 67
16 12
30 52
65 5
86 82
48 75
18 58
4 42
26 94
51 68
96 27
72 74
31 56
3 98
24 0
60 97
59 32
29 86
43 40
21 72
57 40
78 54
53 52
41 72
66 50
52 46
86 53
24 74
60 32
29 17
74 70
82 42
46 50
64 25
97 59
25 29
70 98
68 44
65 93
43 1
15 29
96 12
54 86
40 36
92 24
59 27
98 45
69 45
71 64
0 2
43 48
70 61
58 91
1 0
50 53
69 96
8 78
7 16
18 21
41 48
45 79
33 42
45 0
1 8
17 99
16 92
6 19
92 88
80 30
47 38
83 58
65 72
66 9
55 13
75 85
52 18
64 44
0 33
87 29
97 47
69 24
54 95
57 53
3 21
84 91
51 30
0 31
99 26
91 55
46 84
10 12
100 94
82 6
95 18
100 2
97 82
37 5
38 47
57 55
4 42
13 23
85 9
5 69
6 33
88 20
67 42
5 22
4 0
13 52
71 43
83 48
79 1
90 19
49 10
3 87
88 24
100 97
91 9
50 45
19 7
47 30
29 86
78 92
98 60
77 62
22 87
83 21
81 30
9 68
30 94
30 51
58 20
0 57
2 77
77 50
81 86
99 33
70 45
32 19
60 1
71 4
57 68
40 2
40 87
93 12
68 75
7 3
71 20
91 54
54 20
66 42
11 39
4 34
51 22
15 33
18 63
85 55
17 23
73 41
88 98
4 93
99 22
9 28
38 83
40 74
42 4
76 62
20 36
23 76
13 79
61 29
59 2
33 34
59 34
93 99
69 44
13 65
15 32
89 78
19 69
65 19
6 85
25 49
78 66
42 16
69 76
40 16
59 64
57 44
88 24
1 65
64 38
12 63
2 47
35 29
63 56
7 11
81 99
58 40
40 43
6 80
9 34
17 28
8 21
42 43
8 7
39 39
79 20
54 70
72 66
29 19
93 65
8 81
23 30
51 14
85 87
31 6
66 47
48 13
48 78
3 40
78 96
93 62
0 52
59 86
47 47
45 19
6 45
54 58
17 79
89 90
74 71
31 27
78 38
9 2
61 83
52 21
4 18
27 73
72 1
7 15
43 65
35 60
89 80
43 52
71 33
76 97
91 32
6 67
13 16
42 92
37 10
31 33
51 92
1 36
42 49
93 43
47 37
12 97
89 34
0 34
17 8
24 92
34 76
56 37
31 81
64 39
22 15
94 69
34 74
55 1
3 21
33 84
10 98
0 97
25 51
98 22
82 66
23 100
6 28
95 57
49 43
74 38
56 33
95 1
53 30
84 71
68 17
37 100
39 96
86 69
23 26
43 56
92 96
100 60
56 68
49 47
76 18
30 82
34 92
17 65
41 48
56 75
34 80
54 2
92 24
76 18
53 8
36 47
65 62
71 37
92 94
75 97
32 94
16 3
57 97
1 81
48 7
39 12
93 80
29 95
8 93
39 35
89 51
13 45
48 58
2 21
9 46
71 20
80 100
50 49
14 82
56 64
57 3
42 52
62 9
41 69
55 11
56 78
92 32
1 74
8 36
85 58
12 40
18 58
1 83
97 90
12 71
5 92
23 45
48 87
95 69
51 78
33 51
22 17
100 67
9 90
42 5
67 34
15 32
45 52
50 92
15 97
47 70
74 59
37 28
34 68
46 10
18 54
60 51
2 50
36 95
46 13
67 21
10 90
27 99
60 93
15 91
43 92
30 63
13 82
1 81
41 42
75 50
92 91
44 42
8 43
32 2
48 25
39 11
93 36
100 70
75 60
12 88
10 99
51 15
89 50
12 73
58 96
42 58
1 56
48 24
43 90
62 90
68 43
83 47
59 67
3 38
70 85
24 64
95 9
27 86
23 60
24 35
41 59
12 11
79 37
75 0
91 93
59 61
98 98
93 72
2 88
41 37
85 85
16 44
41 42
10 57
67 13
83 68
77 72
98 9
25 45
64 76
38 83
6 33
18 88
11 31
64 16
88 35
84 28
32 82
11 97
69 47
12 88
46 61
49 43
66 76
2 3
10 27
54 5
88 27
64 85
25 74
52 11
52 79
91 87
87 63
92 15
45 11
82 64
24 19
60 9
35 85
94 18
92 76
84 28
46 77
40 81
85 4
92 30
58 99
29 9
76 2
46 39
71 74
8 16
23 20
31 19
70 32
45 52
76 14
80 92
59 6
55 31
36 58
19 69
22 59
5 62
74 59
56 61
95 5
42 22
46 72
39 47
91 96
100 47
47 83
28 58
19 79
42 35
67 42
31 80
63 63
28 77
71 50
14 46
41 59
44 49
63 11
33 36
69 90
85 65
54 20
53 4
23 23
48 73
44 97
4 98
11 34
88 15
47 66
17 97
21 11
35 58
26 19
72 99
32 64
43 86
100 52
69 80
57 33
21 84
48 17
50 12
80 81
64 17
55 40
99 61
9 31
5 54
54 95
20 74
99 93
61 50
39 36
69 54
23 98
83 99
94 0
29 99
51 14
62 57
25 9
26 79
67 11
58 93
61 49
34 58
4 88
63 92
9 44
9 71
100 57
76 96
24 4
82 99
100 0
59 68
44 39
72 94
72 83
10 19
74 82
50 25
17 52
64 91
88 63
55 83
51 42
47 43
61 44
95 11
56 55
89 34
64 81
21 27
93 66
96 84
42 67
38 82
21 0
60 75
16 83
33 84
20 55
58 59
40 91
93 30
0 17
98 71
77 5
74 73
57 98
59 70
97 79
32 29
47 54
63 5
7 94
49 66
63 76
82 51
90 78
34 95
16 21
92 100
70 37
54 38
83 58
60 65
8 4
18 8
28 58
85 51
67 1
1 50
15 32
65 75
5 39
72 79
87 22
1 76
55 19
77 66
16 69
13 49
58 37
12 31
1 80
6 23
12 84
81 35
96 23
63 46
55 78
92 73
45 13
74 58
25 82
51 46
69 60
66 93
51 25
86 65
50 82
81 72
100 95
11 23
2 83
94 45
53 90
30 92
25 68
54 54
29 84
19 3
80 68
16 26
31 21
12 59
61 4
18 48
52 14
99 10
92 35
43 27
58 39
2 6
65 97
60 63
23 71
18 34
22 54
36 2
67 47
61 75
65 70
87 54
18 39
10 36
79 33
54 25
35 95
58 83
60 46
78 72
60 20
19 49
43 1
42 90
95 27
77 59
68 93
92 23
86 55
77 35
13 6
41 76
18 36
9 88
100 28
53 18
89 53
85 38
19 1
90 94
89 45
56 10
53 12
16 94
6 17
38 98
16 23
32 6
53 7
78 57
29 52
0 99
84 47
13 48
92 97
78 64
35 30
29 13
16 47
95 52
62 42
9 28
89 30
68 35
79 35
91 65
86 16
92 77
28 97
54 53
100 83
91 0
14 38
62 64
4 52
50 19
67 31
100 26
58 11
91 43
4 79
9 29
21 90
13 87
3 85
77 96
77 91
100 93
18 72
56 26
6 20
32 19
52 75
67 34
27 88
85 86
17 97
46 19
79 17
65 43
11 36
56 44
69 16
13 23
21 90
77 94
31 67
47 26
82 50
48 33
75 4
74 82
76 6
33 3
61 99
17 64
26 93
47 35
72 66
47 89
32 12
38 24
18 57
73 89
49 47
58 16
11 42
1 26
76 29
54 65
71 98
54 14
44 85
97 78
25 97
68 53
76 74
34 93
81 67
43 31
12 62
74 48
64 19
76 34
35 99
83 37
4 71
17 94
99 39
42 33
73 17
29 53
98 7
63 98
7 23
64 43
24 59
98 62
50 19
37 82
88 7
72 85
17 56
19 50
51 46
1 61
74 72
84 47
41 9
90 20
19 19
97 87
39 6
76 70
44 35
53 79
58 96
68 79
65 14
28 92
72 95
99 19
21 72
56 98
58 32
54 85
55 52
75 45
15 16
36 2
27 25
89 53
83 28
64 37
9 58
85 48
26 78
79 48
68 79
70 26
85 72
33 68
39 33
88 8
68 16
56 43
67 83
11 38
52 61
34 56
100 64
85 66
48 71
92 2
56 79
34 22
23 12
55 34
17 21
97 23
49 5
46 13
50 41
89 17
52 21
87 47
3 3
97 26
52 26
55 60
57 93
57 47
71 68
21 96
8 87
32 4
80 73
11 6
51 55
83 48
64 36
36 60
33 29
0 0
21 81
2 70
63 67
62 97
93 82
88 26
18 6
12 83
63 77
79 27
3 17
33 65
81 39
19 31
91 14
36 66
77 61
93 50
38 38
42 1
66 85
30 53
15 80
53 35
80 23
92 50
91 12
30 20
90 73
20 4
53 87
69 90
52 50
62 87
95 27
60 8
18 80
43 54
71 88
12 20
83 87
5 74
96 93
98 30
46 100
61 69
85 92
64 87
72 61
7 95
31 33
67 45
46 72
73 97
87 89
21 53
5 91
35 70
5 4
98 43
74 24
53 95
98 3
1 63
33 36
50 41
67 91
12 83
57 82
41 99
97 38
22 86
3 72
20 31
54 15
36 14
91 68
90 21
63 43
46 27
98 50
61 79
19 59
87 100
53 17
81 21
11 70
17 30
60 67
4 54
91 47
91 30
26 98
67 1
55 57
49 25
67 20
42 85
44 47
96 6
62 73
85 65
12 83
33 19
83 88
53 85
99 26
9 84
93 6
5 13
95 25
44 63
68 21
37 93
65 88
73 78
33 28
11 85
58 42
0 62
72 33
81 57
20 78
54 58
80 79
73 60
5 13
68 64
50 2
77 62
43 82
7 5
88 83
83 20
82 65
72 28
26 72
96 99
2 16
86 40
50 67
30 59
15 61
83 18
44 43
86 20
9 92
92 58
27 35
98 81
17 19
5 21
99 78
84 52
35 25
38 7
43 29
17 53
96 49
51 16
96 8
69 80
29 45
56 24
89 98
36 27
77 96
28 52
50 38
22 72
27 82
71 18
27 37
21 98
80 93
63 26
41 51
78 51
71 98
18 98
68 88
38 66
0 21
36 4
81 84
39 51
65 28
43 0
48 49
10 16
48 31
10 66
87 96
59 71
62 51
38 18
8 93
68 55
19 5
28 40
2 64
40 26
3 14
29 63
80 55
100 18
37 86
11 12
19 70
33 13
33 77
61 30
9 30
81 35
67 47
29 84
65 40
66 72
49 1
75 4
62 88
41 78
65 81
97 78
95 44
19 56
62 49
74 0
67 6
67 62
67 74
20 34
42 21
6 91
94 99
82 40
73 53
21 72
88 97
43 7
49 78
22 98
72 58
7 56
29 13
23 2
15 88
98 54
33 72
45 38
5 96
21 66
14 44
77 72
70 64
9 10
44 13
45 66
90 24
5 27
53 16
11 19
99 32
72 39
18 31
87 42
84 51
24 65
60 26
66 62
20 91
70 39
79 0
8 44
58 67
96 67
37 24
100 61
49 85
23 89
2 83
84 11
88 71
90 84
17 24
95 82
9 70
55 84
65 70
40 54
10 69
51 43
31 62
90 30
16 3
32 96
60 67
39 67
80 86
32 2
64 62
76 11
94 69
52 81
36 29
4 29
24 64
71 61
97 12
65 70
37 72
7 40
43 40
77 58
12 19
80 5
2 69
74 43
63 97
32 13
80 72
57 18
40 10
10 73
45 18
69 20
11 64
71 9
45 61
71 43
54 20
60 10
27 0
29 95
54 96
69 15
25 34
31 52
54 45
85 18
31 66
10 65
69 92
0 24
71 91
29 53
76 15
41 85
34 44
47 84
19 34
48 64
6 56
55 70
43 42
90 3
4 71
48 37
72 92
90 9
3 16
54 100
83 26
81 56
69 15
26 80
1 15
69 17
16 93
2 87
53 13
24 8
49 92
33 17
13 35
46 36
55 59
25 50
96 53
62 70
46 89
69 95
59 36
2 50
39 12
86 83
36 93
44 61
64 49
52 20
90 18
3 69
72 68
84 13
38 20
37 38
2 72
1 81
85 61
33 27
14 87
37 77
76 7
87 95
73 20
26 64
59 44
39 5
69 92
82 38
25 90
62 16
47 55
42 2
28 92
1 92
79 90
9 77
72 9
35 33
78 39
68 60
23 67
59 61
32 86
31 14
28 73
60 95
79 31
100 37
1 21
63 5
91 52
64 98
27 44
1 92
66 1
86 20
32 96
81 72
83 14
25 57
24 34
27 12
25 97
77 87
6 11
0 5
78 20
66 41
35 23
6 88
46 16
76 38
38 70
82 48
67 49
3 37
94 89
3 12
67 3
98 95
1 17
41 92
49 100
75 48
48 6
34 33
39 80
2 21
66 1
7 64
56 73
74 51
3 89
67 72
78 20
5 88
39 73
37 97
38 98
27 27
21 24
33 27
19 19
6 3
4 93
19 12
46 73
61 10
85 8
86 72
73 61
52 91
84 93
13 3
60 79
10 59
57 54
59 19
26 5
33 85
28 27
35 20
14 93
11 62
68 60
66 84
6 11
96 40
50 86
37 96
54 24
32 79
60 41
1 62
56 25
38 36
45 80
42 18
19 35
66 11
87 80
60 72
98 59
29 86
97 26
4 38
85 1
64 17
38 82
85 42
68 66
54 44
23 39
87 71
32 62
99 32
24 52
89 60
64 91
37 14
86 83
81 53
86 23
54 5
47 81
30 94
20 30
18 29
18 42
40 49
2 50
33 70
64 86
45 94
17 12
85 59
39 60
31 99
82 16
32 99
55 38
43 43
53 10
34 72
5 3
77 11
20 20
18 4
36 70
21 35
38 86
40 2
25 31
93 96
69 97
76 37
68 0
16 33
43 40
10 20
46 22
96 10
44 53
60 64
88 31
95 25
75 31
97 28
59 61
61 40
68 79
53 14
3 73
42 72
81 84
93 5
21 76
42 58
98 0
32 67
11 31
86 20
27 73
50 89
58 52
54 32
21 37
70 96
74 63
26 27
91 65
17 58
99 32
44 44
2 2
72 34
34 0
85 57
4 91
21 62
56 86
97 21
13 93
9 70
47 92
0 15
82 23
100 2
96 88
86 62
45 27
81 71
55 74
54 62
30 82
21 51
20 11
34 91
81 35
75 55
38 84
55 42
18 11
48 67
43 16
66 98
40 90
65 47
20 98
11 22
35 86
24 30
78 41
19 26
10 14
64 78
24 89
38 19
56 29
75 57
62 84
100 98
68 4
68 50
20 11
47 15
2 74
57 73
59 99
26 65
4 25
7 38
13 24
24 80
79 89
60 50
35 39
54 70
60 15
67 89
7 93
6 12
0 4
6 3
82 86
32 30
100 35
45 1
43 12
31 29
35 51
87 82
46 53
86 1
47 99
33 0
81 97
51 72
76 93
54 46
40 11
86 97
89 11
64 17
28 100
18 51
15 2
63 80
12 34
34 10
10 15
28 34
39 3
11 59
100 85
58 53
1 40
61 28
15 82
45 50
56 56
31 35
75 20
57 72
81 83
81 62
87 14
38 10
76 44
75 41
14 57
14 42
66 84
19 81
92 74
3 16
91 59
57 59
50 51
59 13
31 23
96 58
63 61
9 28
9 58
57 54
98 59
66 3
6 92
7 70
98 31
4 32
12 38
25 94
49 44
9 85
91 61
88 60
25 77
67 33
36 92
16 60
96 40
93 52
60 82
27 45
95 12
78 66
61 75
95 57
71 65
70 79
59 95
66 20
10 30
72 78
14 15
84 43
93 22
66 15
19 19
53 5
38 66
73 14
67 84
23 26
14 9
8 57
23 89
54 26
67 17
22 1
46 68
71 94
41 73
35 46
25 38
59 97
27 9
4 29
4 7
39 3
86 72
27 66
64 58
92 81
24 81
77 83
50 49
80 48
62 62
100 68
64 65
45 55
8 65
79 3
23 67
42 47
2 22
22 61
33 42
27 10
38 76
60 11
35 11
37 33
26 29
52 73
84 7
26 65
12 66
7 39
50 17
88 9
51 3
68 13
71 59
86 1
42 4
30 5
57 61
86 70
4 18
3 22
20 52
20 0
25 52
83 10
24 11
47 90
12 58
86 32
23 20
0 75
99 41
69 95
43 37
24 35
61 29
32 3
84 23
67 42
68 19
75 60
93 67
60 78
20 0
78 25
80 63
8 11
91 3
62 91
99 93
78 31
86 21
78 16
58 24
25 60
46 64
58 56
89 36
69 54
18 80
96 29
5 58
74 26
87 38
46 62
44 39
74 32
34 12
87 86
46 96
50 72
87 57
88 22
5 69
41 62
93 26
25 15
84 58
17 28
64 25
52 58
47 47
8 91
3 23
86 51
53 58
85 30
32 69
10 81
99 80
60 76
33 18
88 1
27 53
86 83
50 14
98 88
35 34
94 50
55 88
5 33
74 13
69 48
73 74
64 49
54 31
65 20
33 90
10 43
26 11
72 36
31 14
86 95
67 98
97 13
35 42
99 9
20 42
58 72
55 15
22 17
75 0
8 10
76 80
30 8
99 83
94 37
28 94
62 81
76 72
70 20
11 96
55 38
92 75
80 98
19 71
53 57
54 68
59 64
29 97
0 34
42 9
85 85
31 19
13 76
42 59
53 57
23 88
24 50
94 54
71 24
18 2
45 7
0 39
9 36
14 52
42 85
24 2
35 65
68 22
1 19
33 11
11 57
58 100
24 85
44 70
30 29
42 72
61 24
13 41
56 39
47 1
38 94
92 64
4 14
34 42
51 33
80 59
38 44
46 32
76 10
42 94
25 49
49 91
62 85
95 55
7 66
10 86
94 4
60 34
67 16
7 25
54 54
56 3
16 93
24 85
24 7
56 65
37 71
22 36
82 82
5 23
86 12
28 22
48 89
95 75
55 89
90 17
50 43
9 47
7 20
44 30
76 95
1 71
2 100
39 36
22 90
99 30
97 21
33 10
4 45
6 89
71 9
8 93
70 75
7 64
93 96
35 72
1 33
84 23
33 16
32 87
33 38
83 50
79 86
40 100
75 82
10 53
29 91
13 15
82 92
93 62
93 20
97 56
22 82
70 84
50 36
16 30
55 42
73 82
9 73
1 92
88 79
78 30
61 94
95 63
88 78
95 31
70 0
66 45
53 54
40 25
34 7
98 82
65 82
30 62
22 13
26 52
39 98
74 29
52 70
98 16
97 0
60 53
32 32
46 3
96 33
53 12
48 99
41 43
21 97
60 49
54 85
14 1
75 100
63 27
17 31
72 69
26 38
25 33
70 18
24 68
37 41
83 92
43 96
90 45
83 20
87 96
79 55
50 77
31 28
29 83
72 24
70 19
68 11
30 58
60 93
68 5
96 87
50 44
100 48
27 65
93 30
22 92
17 26
16 61
80 8
43 44
100 86
78 36
67 23
62 51
21 39
57 25
52 86
80 32
7 96
46 93
37 42
38 36
3 64
0 94
73 11
69 45
57 59
10 31
88 45
20 27
72 44
6 13
55 100
97 55
29 82
80 65
31 84
55 92
97 77
48 87
22 100
97 94
100 18
17 22
16 6
55 14
45 75
60 38
44 14
31 36
29 27
27 91
90 10
37 75
14 99
42 99
65 94
95 83
55 1
4 39
87 31
5 87
43 11
82 1
63 42
61 91
98 60
26 79
8 90
9 66
78 35
45 0
71 42
47 96
63 79
14 85
13 43
24 2
27 15
21 34
80 19
63 58
24 7
26 98
34 58
56 41
42 70
75 10
17 3
28 85
79 71
30 49
59 48
57 55
72 51
50 23
53 86
78 72
27 79
14 74
31 33
38 98
13 93
2 75
60 18
85 6
83 86
44 82
19 64
8 46
77 74
7 90
92 72
76 88
27 41
46 94
30 49
46 85
18 24
8 71
89 42
40 73
89 96
17 60
31 37
85 0
31 87
74 96
25 11
3 42
67 100
14 100
83 4
3 2
91 93
11 17
88 42
78 1
62 91
19 38
75 23
38 39
78 83
51 34
91 19
38 22
8 59
81 38
89 71
37 75
29 28
86 54
31 81
97 79
55 36
15 53
100 63
27 30
77 62
10 27
59 23
29 24
54 18
88 12
69 88
91 19
5 83
12 58
88 63
74 82
93 65
55 45
27 52
54 39
98 11
4 86
23 76
6 51
47 67
46 98
54 77
82 63
50 27
28 57
2 79
56 69
11 79
24 98
92 11
37 83
83 55
23 93
96 0
12 17
90 98
5 58
62 59
60 52
46 7
95 18
72 84
83 80
77 5
35 25
73 47
29 42
19 35
12 31
56 46
94 85
27 38
81 87
36 52
8 76
65 89
10 86
25 62
53 32
97 29
8 30
45 17
99 64
91 70
11 45
72 61
43 43
44 76
15 7
67 30
67 40
20 57
56 14
75 53
53 38
51 27
63 27
16 53
60 19
9 81
29 33
65 89
57 57
71 79
43 73
38 21
69 63
97 59
67 50
32 78
89 91
46 26
25 50
89 9
75 42
88 26
53 1
88 29
34 89
19 72
0 95
68 6
61 100
3 75
74 10
50 29
53 48
75 41
20 32
99 10
64 65
52 24
41 78
74 64
20 78
4 17
14 28
11 12
36 97
97 4
29 13
1 9
99 76
27 78
24 51
74 52
95 81
58 84
90 27
63 19
21 89
9 80
97 89
14 44
37 12
2 9
58 36
77 49
71 7
83 4
11 72
80 52
38 95
14 91
60 27
73 29
30 23
20 4
24 62
16 79
63 69
17 71
62 15
78 47
28 55
46 23
21 46
15 0
66 5
90 51
42 84
56 14
59 75
49 6
44 81
92 18
60 97
50 2
28 0
67 28
77 37
35 27
76 86
87 43
55 3
80 58
17 80
15 33
9 61
20 69
97 92
5 21
78 20
12 69
65 88
85 29
69 71
27 12
65 59
20 64
29 35
80 42
66 80
88 16
40 81
74 47
91 41
3 28
69 32
98 91
96 32
52 14
16 93
12 68
60 6
94 2
13 50
57 94
21 42
3 47
60 68
8 18
3 95
82 92
32 31
1 58
92 59
52 4
21 92
6 87
13 15
62 84
35 38
48 80
83 91
14 6
78 94
89 20
6 60
23 92
83 38
32 30
37 96
46 56
1 52
27 37
2 72
28 41
72 41
90 31
62 100
35 75
5 10
42 24
26 17
97 77
56 43
26 47
98 16
17 97
66 49
65 50
29 81
32 81
13 21
47 9
78 11
59 1
4 93
18 7
40 50
57 65
30 39
64 54
6 64
69 56
23 70
62 93
64 16
51 32
40 94
85 83
48 73
13 74
93 65
13 94
81 98
10 43
1 47
51 85
92 44
69 55
1 7
36 89
15 85
5 41
82 67
96 9
85 30
76 81
35 20
64 85
76 3
87 67
85 66
9 64
36 2
32 74
5 23
74 44
14 20
1 31
81 88
86 96
68 90
48 93
44 42
94 56
62 80
19 64
41 16
73 79
61 61
27 17
66 13
5 21
76 3
32 43
71 80
61 81
46 85
32 49
47 42
52 91
60 88
20 97
32 86
34 50
68 40
27 47
95 11
0 64
70 74
85 26
45 52
99 67
18 26
72 59
18 76
61 60
15 1
39 17
83 57
11 90
27 64
83 19
59 32
17 17
72 97
83 71
87 44
48 46
40 7
41 44
66 14
98 43
66 52
28 73
92 17
69 56
92 28
52 46
46 69
99 34
12 14
41 69
96 24
11 45
45 11
8 7
26 76
42 36
48 19
65 78
43 38
8 70
79 29
57 55
17 52
87 98
6 99
9 92
15 7
67 51
8 50
22 23
13 2
12 70
96 97
73 5
1 56
22 30
4 9
97 52
7 36
50 41
91 76
74 80
39 33
44 42
57 66
35 21
71 75
73 34
7 2
13 55
88 55
28 24
36 40
51 58
97 83
60 45
39 23
27 1
63 9
36 30
72 30
78 13
16 51
13 0
21 80
26 4
70 3
13 58
39 36
60 78
1 6
69 24
41 84
82 24
83 4
71 90
42 74
75 80
31 27
68 97
42 8
68 47
32 91
24 17
88 72
31 70
65 13
19 9
20 6
43 9
14 55
66 85
86 14
85 29
96 37
67 75
2 3
50 34
93 0
63 89
94 37
77 75
20 63
35 12
26 40
67 78
91 22
10 58
99 42
16 67
53 80
18 60
13 18
0 52
85 38
3 96
97 66
43 35
92 22
100 89
20 6
29 72
20 15
19 82
59 63
100 96
77 48
78 98
12 71
72 3
32 6
90 22
58 20
14 44
19 97
65 44
14 14
14 50
68 24
7 36
69 26
14 74
60 29
95 9
2 32
6 13
18 26
21 27
8 52
8 82
0 85
27 88
33 58
81 96
79 7
5 20
58 85
89 86
83 19
84 22
40 95
41 66
30 60
57 35
73 72
37 79
56 7
81 49
80 7
40 61
11 71
12 23
65 18
15 71
99 8
76 96
80 32
2 38
42 47
83 0
88 60
15 12
92 24
5 34
72 18
25 24
85 1
43 82
36 54
6 66
38 81
73 9
27 66
42 54
47 21
41 42
71 0
70 95
44 28
54 23
33 90
73 76
51 67
69 67
75 75
86 6
48 86
33 47
85 19
72 15
28 85
44 97
21 21
87 53
56 84
91 47
44 80
0 77
79 15
30 9
5 24
77 54
21 67
85 99
7 99
82 97
25 30
6 64
63 79
91 84
73 46
8 83
50 6
30 70
26 74
83 78
94 1
58 39
54 92
14 72
19 30
43 53
28 32
68 46
32 75
24 7
41 62
44 54
51 0
93 98
68 64
97 40
28 68
12 75
89 65
21 51
22 83
30 40
27 46
71 70
70 71
97 61
10 5
60 22
56 39
37 98
11 86
99 46
68 85
43 29
40 26
20 98
34 11
99 38
15 18
97 75
62 41
94 46
80 15
77 62
99 15
38 50
81 64
41 61
5 83
77 99
88 97
51 20
64 44
51 12
92 7
57 82
45 63
80 6
4 95
88 28
53 22
13 33
47 73
80 84
6 42
88 91
53 34
100 18
33 99
12 37
55 34
48 71
21 16
83 28
31 55
95 67
2 25
21 78
82 99
39 6
13 56
28 96
76 19
34 9
57 62
13 2
39 75
25 13
21 51
52 36
66 2
6 84
25 92
98 43
6 75
57 25
41 61
1 15
71 71
23 77
8 37
21 80
6 9
66 15
98 19
72 23
17 68
10 75
11 35
83 100
55 60
86 68
96 25
44 81
43 85
51 60
52 16
38 52
9 88
54 86
97 77
32 98
41 72
97 17
32 83
96 46
42 63
93 81
38 4
30 31
99 10
70 8
78 7
44 75
91 50
26 39
67 92
3 36
96 20
26 58
40 34
48 3
51 45
58 78
71 23
68 35
90 5
48 2
31 88
39 82
8 5
4 68
4 92
91 96
99 37
17 24
56 33
89 8
15 75
31 42
74 56
72 29
44 79
9 57
66 25
75 66
68 69
12 68
18 63
46 47
1 44
57 91
82 26
13 66
12 45
8 39
40 1
35 63
64 48
50 62
88 1
22 1
78 67
43 26
99 82
3 77
28 97
3 78
0 75
40 50
23 83
23 78
57 37
29 23
68 95
34 72
100 57
31 62
3 17
46 90
16 63
43 5
37 18
62 57
7 56
50 16
88 100
12 17
80 78
88 56
20 11
73 58
2 34
29 18
91 76
99 29
55 56
26 0
100 84
15 74
93 91
45 80
38 82
68 63
32 32
69 75
92 26
59 26
5 4
94 95
13 79
24 29
48 23
18 80
81 76
98 50
11 15
65 77
64 57
11 13
32 18
62 19
52 61
86 86
70 70
51 43
77 28
25 55
86 87
50 61
1 41
33 85
48 26
97 73
58 87
74 68
54 4
10 42
63 4
18 26
55 61
94 28
5 90
67 30
36 83
15 88
90 82
24 23
64 19
75 45
61 58
35 63
19 84
1 78
59 40
91 51
72 42
18 97
55 84
10 60
52 38
73 15
60 3
13 5
49 6
45 97
57 92
70 82
8 96
34 73
62 86
39 0
29 16
12 51
53 35
59 62
67 62
0 41
87 81
56 27
59 46
72 86
93 50
39 55
39 39
83 45
87 28
69 61
58 20
47 76
64 81
4 22
23 40
85 58
6 25
51 66
43 22
98 68
16 13
77 60
51 13
30 37
76 1
0 56
1 6
24 70
65 7
21 12
5 0
75 100
43 26
39 45
66 9
43 41
81 16
41 68
69 46
64 61
50 23
68 66
97 39
53 57
24 24
40 56
18 58
41 1
68 27
3 49
70 98
36 42
25 1
81 94
26 99
52 84
87 20
74 65
51 33
22 74
13 34
51 50
52 30
4 35
24 20
100 40
80 89
82 77
53 62
39 2
51 14
9 71
26 36
24 61
95 69
100 83
63 7
69 82
49 64
20 85
33 65
96 40
89 92
22 6
66 15
47 50
86 14
89 84
39 16
50 79
39 33
12 71
50 65
68 31
59 36
35 5
44 72
29 95
14 55
4 34
73 14
64 38
7 61
32 12
28 67
85 64
78 56
13 84
55 93
78 12
90 66
33 21
27 16
40 78
69 60
97 15
69 49
4 63
63 2
64 28
14 59
87 82
60 97
45 48
4 72
57 12
27 92
89 82
25 25
96 73
19 87
61 78
12 33
12 64
36 51
55 46
47 92
30 72
39 57
0 3
86 61
20 84
97 50
13 4
28 79
76 35
28 62
63 87
18 75
74 88
23 71
11 88
56 67
89 24
27 14
38 72
29 2
96 38
21 96
53 23
26 92
61 1
67 41
36 63
93 4
60 14
58 2
76 7
40 56
7 89
16 77
33 74
73 30
26 94
89 69
60 94
16 88
3 65
91 23
61 43
44 31
85 28
99 16
41 54
90 8
58 35
24 34
29 15
97 43
24 90
85 10
7 43
82 57
81 43
93 11
11 42
41 17
3 91
28 11
75 45
98 24
55 54
47 70
73 81
0 81
4 22
34 7
19 81
25 42
16 83
18 77
96 47
42 46
2 82
55 90
99 11
60 14
86 22
66 36
91 0
14 30
6 41
27 75
98 58
93 90
60 39
68 53
72 13
65 69
19 60
12 9
52 97
76 97
62 99
70 29
47 55
88 31
86 83
51 74
92 24
80 74
17 84
93 61
64 65
30 0
69 41
69 90
38 38
92 98
42 0
90 20
7 14
56 90
97 31
48 22
89 82
39 34
67 37
42 47
56 98
50 8
3 78
7 48
84 76
67 96
67 50
21 81
62 40
18 63
67 7
96 54
9 17
70 71
99 98
18 64
70 73
5 68
92 72
49 78
6 17
41 90
19 90
55 25
50 9
74 73
2 35
100 93
69 30
77 55
5 80
31 63
48 81
58 62
44 69
37 2
72 53
26 63
71 25
39 57
46 68
69 94
46 42
43 44
29 76
65 79
5 20
32 12
97 80
85 40
57 65
40 85
70 41
21 46
32 6
57 52
59 30
97 6
21 91
38 4
75 60
87 86
32 73
26 81
42 41
63 48
26 33
98 23
37 100
45 79
44 20
17 73
47 81
66 4
65 77
5 86
83 92
54 41
31 68
84 52
5 4
20 35
74 20
97 86
4 24
46 98
15 13
10 25
6 85
76 84
73 72
17 100
36 45
69 92
7 99
0 12
55 7
27 79
81 95
67 87
36 40
80 30
1 53
82 75
7 53
28 11
10 68
57 30
84 23
6 33
35 92
11 7
37 14
74 47
40 84
48 10
34 71
70 13
83 25
40 1
75 3
86 90
100 17
92 51
78 97
16 74
45 21
3 39
92 0
37 74
3 52
89 44
48 35
78 94
11 51
38 32
20 41
98 100
33 51
54 64
8 7
10 12
97 66
61 26
96 83
55 46
7 68
63 78
49 95
8 25
84 8
19 6
37 53
76 60
19 2
15 58
100 20
15 29
48 81
92 30
70 63
54 59
29 87
83 13
71 64
40 58
34 43
55 80
68 7
92 26
22 68
72 39
69 15
49 99
30 27
29 31
20 65
23 72
18 61
73 73
59 44
28 32
30 32
85 54
33 19
34 79
32 64
89 83
69 98
16 16
86 70
73 9
97 16
52 97
96 43
49 61
28 88
0 57
36 15
39 88
58 51
38 89
29 11
9 98
43 85
99 3
16 7
6 14
73 36
77 39
38 20
86 2
53 91
31 78
60 5
52 12
35 68
55 96
44 79
18 20
29 20
6 88
50 43
4 45
86 1
38 55
36 42
6 47
20 88
85 78
35 83
3 46
17 3
12 90
41 38
55 34
42 73
27 5
14 57
88 57
94 61
90 99
96 92
92 21
42 82
85 62
42 100
2 38
82 73
69 26
54 83
50 92
46 26
79 88
65 93
36 18
90 86
8 41
47 43
56 81
80 78
15 43
43 86
67 24
96 5
99 68
99 68
5 92
100 30
39 46
59 37
77 3
29 16
100 67
11 30
43 81
73 75
48 29
13 78
52 57
33 57
25 31
37 52
48 93
80 63
33 27
80 59
40 99
36 8
59 50
47 68
74 36
8 85
60 95
30 43
41 58
34 36
16 84
0 72
40 66
14 13
44 59
67 98
57 81
21 99
39 36
15 27
85 21
55 31
31 35
42 12
39 39
42 49
56 27
78 67
12 42
81 100
4 5
63 61
52 53
63 92
30 18
47 61
47 67
71 67
55 12
10 94
33 72
82 47
5 33
87 27
67 99
78 61
92 100
5 13
75 78
88 96
47 68
73 94
13 6
21 9
49 54
9 55
79 96
68 60
99 64
99 74
97 82
8 97
40 78
19 13
100 7
99 66
29 40
64 58
7 45
36 5
57 40
42 100
12 100
9 47
72 63
0 34
64 41
100 43
34 90
44 79
25 19
9 61
42 68
25 63
75 78
39 13
12 55
98 90
52 86
5 33
97 67
95 26
100 41
28 81
73 88
4 49
76 40
95 64
85 66
97 4
100 70
14 17
11 98
50 11
85 13
36 2
13 24
96 28
27 36
3 40
32 40
21 68
56 9
94 27
75 40
81 60
78 43
55 13
81 13
30 10
32 89
72 19
100 88
31 83
87 50
28 99
5 2
78 82
97 68
66 73
61 78
77 22
43 25
60 25
20 30
38 80
75 45
77 20
92 21
44 64
49 23
99 24
42 15
38 30
50 15
79 47
65 91
25 62
98 100
22 45
20 98
32 3
100 63
6 64
26 97
49 10
1 40
44 32
29 9
11 30
54 67
19 55
42 82
100 12
81 52
9 91
74 59
42 12
33 79
95 11
47 94
13 78
68 0
76 31
9 27
32 28
67 40
84 96
7 79
68 38
58 98
87 93
33 38
98 74
70 32
82 75
84 43
24 100
97 50
52 29
89 18
94 36
76 53
72 11
79 2
42 98
3 38
6 51
85 84
54 59
86 92
73 97
86 0
78 69
18 63
79 76
2 53
60 69
89 52
77 27
77 55
6 65
32 36
59 91
87 35
26 39
24 56
80 83
2 56
42 16
29 57
87 16
63 30
52 48
99 17
72 49
13 3
0 36
40 22
27 7
88 71
55 26
82 53
4 73
61 81
44 73
10 53
53 95
69 93
3 70
20 98
78 29
57 22
93 68
89 77
29 66
40 33
24 63
35 57
30 54
76 84
80 6
7 44
93 97
67 55
77 50
94 4
50 68
95 10
6 50
68 36
74 43
97 18
46 65
46 55
75 16
36 96
1 45
64 23
55 3
19 22
33 81
42 2
25 55
34 45
69 79
2 6
7 54
16 88
47 72
41 37
16 75
35 98
78 94
75 87
81 52
22 82
50 4
55 6
44 30
9 85
44 40
86 30
67 73
1 50
67 26
29 65
45 69
38 82
89 20
33 2
3 95
44 99
16 64
16 12
25 80
48 25
0 11
95 88
83 39
4 29
45 62
0 33
54 54
88 47
43 68
98 82
50 75
43 76
6 52
9 95
37 81
20 98
59 74
72 81
19 21
2 9
50 72
57 19
30 64
42 1
5 99
52 55
25 83
68 40
82 83
68 53
72 13
16 13
15 55
42 6
79 56
41 71
18 17
51 48
38 35
7 4
87 52
62 49
25 45
96 25
29 43
38 91
69 83
57 9
34 63
11 39
54 5
92 16
90 42
34 100
93 86
33 93
93 14
74 54
84 48
82 61
96 99
1 69
59 76
36 70
37 65
10 81
73 31
16 44
73 45
53 60
43 15
88 30
16 79
90 28
94 12
95 97
52 17
67 8
67 36
82 3
1 19
38 80
12 48
81 16
33 98
32 28
17 23
29 16
36 25
18 65
3 62
52 37
29 4
11 87
38 89
80 0
93 32
31 98
31 57
53 61
64 61
55 17
93 93
16 85
86 28
24 38
79 58
75 79
57 82
91 84
25 60
66 85
15 56
95 56
31 10
61 87
61 91
99 87
96 18
14 53
1 65
53 16
6 18
71 11
6 32
44 96
14 14
90 7
47 24
14 20
100 61
9 97
86 86
5 54
18 21
44 74
45 91
75 33
24 30
81 94
93 18
80 75
73 86
32 24
37 40
2 85
10 30
32 14
19 83
60 9
13 92
64 21
6 77
42 16
3 18
63 18
43 76
85 33
72 20
94 0
44 75
93 89
32 78
53 17
7 78
55 29
14 89
45 23
6 32
86 75
8 10
92 16
70 92
27 73
4 33
63 39
33 71
2 31
70 65
42 35
46 58
21 9
33 97
5 59
61 9
52 95
28 12
3 56
75 53
91 34
71 23
32 36
34 96
31 68
19 78
30 2
9 57
61 11
86 58
69 28
31 55
21 3
66 46
22 27
38 41
49 35
48 1
54 12
9 29
31 57
68 41
48 79
31 90
10 34
68 53
59 27
94 62
2 16
36 57
32 58
3 14
90 78
51 92
24 10
17 78
5 86
83 66
19 60
60 40
63 58
82 62
47 15
6 70
26 51
16 63
51 12
23 60
94 98
41 56
46 36
32 60
28 28
25 17
84 80
13 17
18 54
38 60
64 64
72 12
48 98
62 47
25 80
22 32
98 56
17 0
21 95
100 31
39 18
1 57
69 81
9 89
76 50
65 21
30 34
7 23
64 1
63 65
79 84
27 46
76 18
13 82
2 95
65 97
15 4
99 31
62 25
38 2
72 2
14 92
83 72
13 17
22 59
59 40
7 87
34 4
84 50
10 1
42 26
12 48
5 95
97 99
100 74
58 20
81 44
29 54
49 57
33 82
23 31
71 79
42 29
8 60
45 76
71 56
96 4
16 29
93 97
10 43
75 37
43 42
32 93
46 4
57 49
82 68
79 30
63 86
70 33
74 1
8 48
91 28
81 79
76 84
73 35
2 61
14 62
11 55
95 66
93 39
97 89
89 91
25 36
85 51
84 13
70 75
17 97
72 8
46 36
5 36
80 79
15 76
77 16
19 96
14 29
75 4
4 53
53 8
94 20
86 87
80 9
45 64
11 77
41 33
57 44
77 26
16 24
85 80
38 9
25 6
9 16
48 6
61 44
30 17
13 22
27 20
98 83
81 9
84 3
70 74
82 95
87 18
20 1
37 91
4 84
3 4
22 67
49 60
9 68
35 73
65 0
46 92
84 1
98 76
96 38
23 48
22 84
78 90
57 25
79 39
15 51
37 84
30 77
58 8
36 86
64 65
98 0
44 78
27 2
89 46
74 11
47 81
53 20
77 55
46 98
76 82
27 26
42 43
83 55
97 76
34 9
15 74
26 95
14 59
94 0
75 79
87 57
21 26
95 48
10 19
15 80
5 30
27 96
74 58
51 3
73 45
53 73
45 87
63 89
0 50
66 4
20 36
24 55
87 94
59 4
31 35
1 49
7 94
21 80
16 93
88 5
80 65
76 60
91 34
88 16
23 82
0 47
15 87
45 68
52 0
14 51
38 14
70 96
100 23
61 79
12 93
29 79
98 69
4 66
36 41
90 71
41 97
56 55
66 32
48 48
73 68
92 87
69 50
6 100
91 66
1 30
29 73
78 10
13 46
41 36
91 65
12 89
73 19
84 78
33 9
54 51
42 67
11 45
4 22
39 13
70 10
99 52
82 16
61 47
39 68
35 82
78 39
65 22
46 87
35 100
51 27
53 13
100 69
95 72
98 31
61 46
90 0
58 56
6 22
88 38
17 62
83 21
81 2
24 83
95 64
22 45
9 63
73 9
9 13
25 32
15 54
90 53
65 19
85 6
59 24
4 45
44 50
83 26
93 71
96 40
45 25
3 3
24 63
53 79
40 25
74 44
95 71
84 62
17 35
47 44
50 3
57 80
5 100
50 31
35 47
31 66
59 74
98 14
0 99
27 11
38 95
74 19
15 100
10 44
93 85
0 51
17 44
98 19
23 2
78 25
76 15
40 44
76 36
98 99
97 43
41 66
43 71
59 51
43 58
76 43
39 30
60 16
98 67
78 48
98 90
85 48
64 75
100 8
86 99
85 55
45 77
79 47
88 84
67 66
55 58
54 4
44 33
33 65
46 39
0 5
34 48
26 17
93 62
94 74
12 25
74 8
74 11
33 89
83 35
69 76
88 71
57 77
69 8
54 30
40 19
78 91
63 21
61 32
39 57
5 77
87 97
67 30
0 6
51 55
44 93
8 67
34 33
8 21
28 14
21 56
61 26
5 5
74 3
3 86
40 78
12 48
48 17
98 19
24 71
34 84
52 97
76 23
13 10
70 60
71 88
63 50
58 12
4 21
66 34
63 80
28 58
4 99
40 5
33 53
47 3
63 68
9 53
7 50
2 79
85 57
94 40
53 59
96 67
74 100
1 91
60 23
25 9
6 21
56 61
42 43
97 6
2 63
37 39
43 78
50 0
49 9
58 49
12 19
10 95
41 30
20 63
53 50
5 47
71 85
13 96
96 42
0 19
39 67
37 60
25 40
4 87
12 54
92 61
9 84
80 35
100 91
12 97
70 15
59 22
18 55
74 94
27 80
59 82
31 7
18 87
100 42
97 40
36 34
97 50
69 61
66 76
80 30
45 91
72 69
34 47
61 18
84 48
58 11
40 71
85 100
77 47
59 23
3 69
60 18
70 46
78 19
90 38
84 58
80 31
39 98
49 65
70 90
33 50
12 84
15 23
49 30
81 22
9 2
85 54
96 65
42 17
13 74
85 3
48 26
12 97
39 10
34 69
50 97
6 32
75 24
24 10
37 33
10 23
37 80
87 13
2 48
37 45
97 64
98 46
79 3
87 23
100 54
36 1
92 57
11 69
76 99
79 50
47 68
18 69
0 4
53 99
39 41
16 22
68 23
90 87
50 16
26 32
38 55
13 93
94 60
16 43
93 93
90 54
43 27
57 20
1 38
60 78
4 94
86 70
54 7
38 24
30 7
49 97
89 78
97 80
5 98
55 54
18 34
97 91
43 76
60 67
36 32
79 98
32 95
76 33
45 9
86 74
56 6
16 19
88 65
15 75
22 63
67 82
36 38
96 53
44 37
98 80
13 80
68 51
56 53
23 71
30 60
38 88
45 73
18 25
50 98
72 65
100 75
29 19
76 92
96 6
84 92
44 39
45 48
71 94
16 33
99 67
93 10
54 18
27 65
45 11
73 34
81 48
93 45
94 41
39 72
78 81
98 23
96 44
36 33
74 1
9 91
98 17
72 98
77 100
70 35
11 29
77 61
26 49
95 41
79 81
6 81
22 25
28 28
99 72
92 21
92 68
69 19
29 2
11 58
96 81
22 71
82 72
11 68
52 71
23 47
8 37
27 14
38 77
31 8
33 12
77 81
51 64
53 91
17 59
1 88
69 32
100 40
11 41
0 98
57 9
78 59
26 51
32 91
90 66
84 66
74 84
3 14
95 20
45 60
45 45
92 86
81 0
1 93
34 55
88 46
25 64
26 66
43 62
33 65
13 26
48 28
29 72
87 6
78 49
97 73
75 7
21 64
18 94
49 24
34 69
15 0
84 36
15 26
17 91
67 30
2 12
64 73
43 19
44 8
12 18
54 31
59 89
90 82
24 96
92 78
29 38
20 44
88 97
76 55
99 30
83 58
19 11
87 77
8 64
84 35
83 47
73 9
78 13
99 80
26 11
56 78
31 100
52 39
93 41
50 17
17 83
33 0
85 72
63 74
99 99
87 10
85 75
49 85
81 34
98 22
95 6
41 96
29 62
7 43
93 91
28 44
7 22
20 92
34 5
51 29
34 32
21 97
30 13
47 34
74 2
93 68
85 80
81 48
63 100
16 21
14 25
3 73
27 61
90 11
73 71
50 38
71 52
49 46
43 55
54 95
22 8
26 53
52 93
78 24
6 2
97 4
69 60
59 39
38 10
3 100
18 17
24 69
1 17
60 83
63 96
95 75
15 11
70 39
65 41
16 27
25 99
84 74
80 13
6 55
70 64
14 96
48 85
20 46
54 55
18 21
86 19
65 14
49 83
12 38
19 9
49 47
66 14
87 65
84 82
23 28
56 87
34 24
8 63
9 98
2 64
52 55
33 3
83 38
51 65
32 84
58 88
66 49
78 62
61 33
64 36
25 74
78 97
65 31
2 86
44 9
18 52
89 17
30 75
3 17
30 25
69 34
45 59
25 41
92 62
97 43
55 12
52 62
85 53
24 57
4 37
45 84
91 12
15 64
83 17
98 80
89 57
47 99
21 50
23 60
72 20
9 41
66 19
58 36
29 26
77 6
4 35
58 66
16 6
56 41
87 94
13 56
75 53
28 7
23 38
68 32
33 55
8 65
90 88
45 27
1 59
78 82
1 57
80 18
70 8
47 80
19 59
38 48
19 57
74 73
3 34
4 98
68 97
48 77
91 51
72 38
25 59
39 76
57 74
47 73
76 62
16 75
74 85
27 4
40 1
49 100
86 9
48 12
19 57
87 45
77 6
34 30
62 63
93 91
0 31
94 38
80 92
64 86
42 63
5 87
52 58
79 17
63 70
92 19
62 63
96 37
38 12
54 55
20 76
100 38
32 51
91 7
34 37
67 24
89 49
32 16
3 19
78 91
28 68
13 36
10 66
27 68
68 47
75 46
44 59
28 83
96 76
5 33
69 50
18 53
3 42
95 14
35 41
64 66
91 6
56 94
70 87
2 2
85 34
68 85
70 69
2 5
18 8
60 99
20 20
58 14
64 22
60 64
21 0
14 24
40 32
91 9
80 59
93 5
50 79
85 95
15 61
97 33
87 42
40 72
91 95
28 76
89 29
52 61
77 44
53 28
57 73
22 77
30 55
56 0
57 42
59 31
42 19
85 66
43 6
61 67
29 31
75 52
96 50
99 45
60 90
6 20
59 27
85 89
33 90
11 40
64 80
33 50
53 50
88 100
56 91
2 57
36 86
91 26
18 94
30 88
68 36
93 81
54 76
20 51
61 75
93 38
90 81
92 6
38 31
45 84
53 75
97 73
89 12
25 19
59 98
24 47
75 83
55 68
32 86
10 19
53 21
13 76
8 51
40 18
69 52
27 1
74 30
29 14
58 48
21 43
79 23
17 95
17 10
62 34
40 88
74 17
55 35
0 42
67 18
53 16
66 74
65 5
17 76
71 62
49 86
37 79
52 79
37 64
44 25
50 0
39 90
85 73
91 9
85 8
23 70
1 88
85 93
48 96
64 77
70 33
4 0
75 41
22 76
23 89
17 48
6 79
6 16
99 13
31 44
30 50
8 42
22 12
28 7
0 97
84 92
0 37
71 80
30 99
48 60
100 72
68 11
61 5
86 14
65 83
29 28
31 98
52 5
65 8
67 99
19 57
86 82
62 95
73 95
12 71
47 40
24 9
32 87
50 68
23 33
89 26
27 45
12 88
56 78
72 15
91 59
89 32
79 87
35 33
15 28
34 42
46 100
25 22
24 45
10 62
94 85
12 62
18 21
4 82
92 81
13 68
51 6
42 43
31 62
67 90
67 77
41 49
61 28
99 22
97 96
39 34
26 1
3 51
17 92
40 63
87 70
83 21
98 75
28 48
36 44
31 64
0 61
98 35
34 63
21 33
58 5
23 11
67 77
55 14
87 20
56 65
84 7
96 15
36 76
30 30
2 13
53 99
70 30
68 69
94 31
8 55
32 24
52 89
30 95
82 89
38 70
45 46
85 87
96 93
28 81
44 20
95 13
97 8
77 100
64 39
95 7
43 71
2 54
77 21
88 29
84 54
96 11
38 43
71 7
50 96
54 99
73 17
36 21
37 11
43 56
0 90
23 60
34 84
75 41
37 21
26 61
82 6
52 45
78 30
26 15
64 27
72 81
49 14
33 93
45 38
14 42
39 82
61 0
12 52
1 28
87 92
58 60
82 14
16 82
57 76
94 94
11 2
75 33
38 83
92 11
45 9
27 38
1 18
79 48
49 37
32 40
15 29
85 88
54 77
9 48
69 0
97 82
89 99
94 58
23 75
89 86
70 75
9 97
9 67
29 54
27 73
91 73
85 99
2 9
98 65
11 18
54 45
5 0
33 80
18 29
17 81
4 27
37 84
82 22
21 58
68 64
65 93
96 47
91 1
41 24
46 66
72 0
11 5
16 74
34 93
51 2
23 12
98 79
43 89
90 5
24 78
75 80
8 20
12 84
86 75
25 38
2 54
52 97
46 68
38 29
92 33
97 46
33 32
33 49
97 57
36 61
80 16
33 41
70 21
87 99
28 49
67 44
51 76
32 78
94 60
83 16
44 41
98 97
71 70
86 78
0 59
5 47
24 19
52 91
99 92
1 63
80 10
50 86
100 93
1 72
19 27
43 57
41 82
44 19
79 49
1 8
26 78
62 73
28 96
40 49
72 43
84 76
89 49
40 9
40 100
9 44
66 13
15 53
28 26
92 45
26 15
99 21
70 0
73 6
63 76
78 54
76 60
1 48
67 36
93 83
75 17
30 62
93 39
7 53
59 45
59 20
19 53
38 43
65 71
88 25
72 59
17 64
48 56
10 16
83 68
88 36
41 27
42 88
46 50
100 53
86 25
99 15
22 36
7 61
0 48
43 48
79 38
7 70
38 21
91 87
52 75
65 0
61 54
0 23
48 86
85 40
55 54
88 29
46 55
8 40
60 81
73 92
20 54
29 11
77 55
41 90
23 82
89 44
67 95
1 15
97 64
12 4
25 34
63 70
62 43
59 93
96 2
88 14
81 59
16 60
6 63
26 71
77 81
83 69
43 35
85 19
6 85
4 73
49 14
29 18
28 19
86 80
95 91
2 27
91 86
18 67
20 50
58 45
23 58
71 49
13 47
72 60
93 82
95 76
47 15
52 78
23 80
79 66
59 12
57 27
97 74
100 85
80 82
29 5
91 21
15 27
68 89
88 2
64 16
76 88
52 58
18 22
55 58
94 94
85 33
95 20
79 72
94 0
58 35
36 7
40 74
25 2
96 78
81 99
28 98
9 67
3 67
65 41
7 12
58 22
64 36
81 28
90 23
91 64
23 94
100 28
49 40
21 81
65 48
94 95
70 100
73 41
41 92
66 58
51 92
45 32
100 90
74 9
59 50
39 1
66 9
44 14
42 39
53 45
38 33
13 49
91 37
56 47
96 62
26 44
6 29
67 67
47 52
39 82
89 11
29 44
91 66
16 84
88 57
25 83
36 26
8 49
22 15
62 53
70 46
49 62
7 77
79 57
57 51
16 85
72 47
79 25
97 78
69 35
73 87
2 71
14 93
40 34
29 8
52 61
88 43
23 33
22 40
8 84
34 74
73 87
1 21
91 3
5 16
79 24
75 74
75 36
98 27
4 29
82 25
16 51
14 27
23 47
35 90
96 74
81 54
92 55
33 46
83 63
51 40
23 19
71 27
89 8
3 58
45 83
63 25
41 63
24 73
23 78
77 47
52 35
64 37
22 52
69 1
28 100
64 96
65 39
89 11
6 96
8 8
42 46
47 22
45 43
29 23
79 8
81 87
90 45
77 32
18 39
99 18
74 25
27 2
52 92
24 95
59 9
80 9
57 63
55 37
42 69
12 59
83 95
84 2
90 5
50 0
13 18
41 93
75 42
31 23
75 22
99 13
23 66
98 60
95 20
24 12
79 55
92 85
15 3
69 43
4 78
83 67
34 48
39 58
36 2
68 7
67 90
58 42
14 14
24 50
58 2
23 29
98 32
98 9
11 98
22 51
45 58
55 55
42 65
4 42
13 46
64 64
87 78
83 46
50 41
0 51
24 93
52 34
70 9
55 99
22 82
34 60
92 90
60 48
90 11
39 38
36 6
72 17
99 39
72 15
3 61
51 14
65 68
30 37
70 99
0 77
54 46
38 15
24 19
82 1
80 78
64 33
76 77
82 35
1 41
11 65
33 41
55 74
0 96
51 2
50 61
52 71
56 46
43 13
96 74
76 58
36 85
87 95
60 28
40 61
73 33
92 12
98 35
100 6
30 91
95 89
12 92
8 23
90 9
79 72
83 52
79 77
77 19
63 71
16 35
28 91
40 17
62 92
11 4
11 96
88 27
4 45
84 90
37 33
92 89
88 2
9 62
49 86
23 99
64 45
13 21
68 14
21 40
18 23
75 87
28 94
57 92
68 46
92 1
88 3
7 48
32 99
82 41
17 49
6 34
51 83
9 0
35 3
15 44
3 13
87 94
39 9
12 52
31 34
90 65
31 93
43 24
49 18
93 92
5 56
32 51
46 39
85 78
45 63
56 54
19 1
5 43
31 45
53 45
34 11
46 51
80 78
29 32
34 71
33 92
91 100
74 99
14 86
96 18
91 70
37 22
72 52
28 2
44 72
24 80
16 52
88 50
0 80
43 46
2 2
81 94
3 73
39 29
27 37
94 66
81 14
77 57
54 80
83 71
69 30
66 17
34 4
98 29
96 45
100 65
100 69
85 44
71 85
84 43
59 94
63 23
14 77
74 92
21 65
94 95
51 41
8 74
33 59
41 60
8 57
3 13
75 32
19 4
71 3
13 87
27 89
27 17
63 66
84 29
32 69
18 26
77 50
4 51
8 39
87 60
35 24
85 72
94 22
62 61
50 98
55 87
70 24
96 3
19 21
91 54
89 60
9 8
54 19
13 89
11 95
71 85
66 100
46 62
11 63
58 100
23 95
29 99
98 9
35 46
1 68
21 52
12 59
6 31
73 42
28 42
55 66
90 33
62 10
87 58
30 100
12 14
43 94
48 30
54 5
83 39
11 76
44 91
100 94
34 18
35 53
23 45
26 75
51 11
6 71
82 19
68 73
43 29
87 27
14 75
56 37
18 41
73 75
1 63
62 3
60 57
38 63
76 91
44 10
92 15
65 68
71 3
90 89
50 21
100 54
12 81
97 40
64 29
48 96
56 75
74 32
36 8
44 55
44 97
3 25
92 88
27 45
0 9
48 60
23 68
65 36
29 92
100 0
84 14
99 38
68 88
40 35
15 54
43 25
20 50
29 24
13 8
8 49
82 1
71 10
78 24
91 92
77 38
5 14
14 55
93 52
27 16
26 18
76 96
5 73
47 63
20 63
22 14
4 41
45 4
19 58
44 53
98 0
13 1
45 82
18 0
10 99
33 76
13 8
98 51
27 100
1 5
95 78
96 23
36 73
43 78
11 99
65 16
54 100
35 21
65 30
45 3
0 99
92 46
3 30
76 19
70 77
96 42
60 27
96 69
50 78
19 96
72 66
99 13
88 25
72 93
45 8
28 67
63 76
86 39
27 70
88 56
93 9
35 24
38 20
14 63
14 81
98 91
11 18
60 93
60 77
60 62
82 16
16 68
94 10
93 32
5 11
98 98
63 44
16 55
41 78
42 64
38 18
8 87
17 62
90 47
61 22
1 19
61 18
14 47
42 100
81 72
62 16
55 40
33 58
16 94
87 24
11 37
86 90
13 68
7 14
30 61
59 17
2 36
85 76
40 78
70 39
9 32
24 84
9 71
34 0
59 11
49 53
71 79
69 50
59 27
60 43
52 24
34 93
50 99
46 85
27 53
60 88
18 56
20 37
36 67
66 24
5 64
94 95
95 92
15 55
91 56
99 97
25 4
7 78
78 30
38 50
79 27
94 60
98 42
71 92
69 56
8 38
8 18
44 13
13 69
74 22
26 30
53 46
2 42
34 6
13 99
17 87
10 76
4 84
11 72
12 87
100 9
70 67
55 24
30 59
74 50
91 82
40 81
66 10
70 86
70 38
49 66
26 88
97 4
20 80
22 51
82 56
2 93
36 24
70 44
25 99
78 69
65 23
88 34
1 23
65 15
64 22
40 95
27 11
70 25
84 37
92 0

100 1000
88 53
85 70
59 20
100 41
94 12
64 71
79 37
75 87
18 51
38 64
47 63
11 50
56 73
12 83
96 75
54 60
23 96
6 70
19 76
31 25
30 27
32 89
21 93
31 40
4 41
30 89
3 93
12 46
21 16
60 4
42 41
42 29
78 99
6 82
72 42
25 14
96 69
21 75
77 20
36 20
42 56
20 23
7 92
46 71
19 70
24 1
95 63
3 18
93 11
73 68
62 33
91 6
100 82
58 69
57 78
3 48
32 95
5 42
57 53
50 99
3 15
88 76
67 64
97 39
24 48
37 83
41 21
36 75
98 49
52 73
75 85
7 28
57 31
23 86
55 63
93 12
4 71
17 35
5 21
13 17
46 73
48 18
28 7
24 51
70 94
85 88
48 46
48 77
55 80
93 95
6 31
8 80
12 32
50 45
95 5
66 30
92 51
25 63
80 43
16 9

10 300
95 89
75 59
23 19
73 43
50 100
22 72
6 44
57 16
89 7
98 64

100 1000
88 53
85 70
59 20
100 41
94 12
64 71
79 37
75 87
18 51
38 64
47 63
11 50
56 73
12 83
96 75
54 60
23 96
6 70
19 76
31 25
30 27
32 89
21 93
31 40
4 41
30 89
3 93
12 46
21 16
60 4
42 41
42 29
78 99
6 82
72 42
25 14
96 69
21 75
77 20
36 20
42 56
20 23
7 92
46 71
19 70
24 1
95 63
3 18
93 11
73 68
62 33
91 6
100 82
58 69
57 78
3 48
32 95
5 42
57 53
50 99
3 15
88 76
67 64
97 39
24 48
37 83
41 21
36 75
98 49
52 73
75 85
7 28
57 31
23 86
55 63
93 12
4 71
17 35
5 21
13 17
46 73
48 18
28 7
24 51
70 94
85 88
48 46
48 77
55 80
93 95
6 31
8 80
12 32
50 45
95 5
66 30
92 51
25 63
80 43
16 9