100
43	81	2	75	40	52	13	87	77	24	9	62	24	97	49	23	48	88	38	53	27	29	74	80	1	68	18	54	77	99	12	20	93	24	38	63	59	19	99	89	3	65	72	96	55	13	93	96	53	48	21	100	2	64	71	24	46	69	7	34	42	25	38	54	75	17	87	11	52	75	35	73	10	15	24	27	91	69	14	54	73	3	15	92	21	1	44	75	7	61	17	52	88	94	13	12	57	97	48	25

1000
78	93	56	19	78	63	26	11	33	57	14	72	28	26	75	54	96	13	71	68	25	25	17	3	75	30	31	44	22	12	29	36	38	95	19	81	52	7	53	76	43	55	23	45	13	24	94	58	11	57	23	30	27	73	91	3	87	54	100	52	90	22	31	2	5	70	7	55	96	79	99	7	71	90	33	78	41	12	56	7	97	47	9	95	5	65	86	52	61	52	38	58	90	46	75	51	96	14	73	90	9	72	64	93	22	66	84	5	79	59	88	10	47	29	88	7	61	15	61	71	10	17	15	35	6	91	88	98	70	85	91	53	63	6	19	33	18	57	3	35	57	56	92	18	6	4	75	46	34	80	78	36	33	74	33	77	30	74	51	97	1	99	52	57	87	2	93	76	73	18	24	45	24	77	22	76	36	30	69	37	1	94	50	91	92	13	80	88	95	84	12	13	62	36	48	6	95	80	15	23	4	31	82	18	12	74	3	14	79	100	10	99	100	28	82	20	78	20	9	28	17	3	89	34	76	36	21	36	87	87	31	97	16	4	58	17	12	56	9	39	35	70	63	15	62	15	8	61	58	39	24	36	69	83	65	15	79	32	83	40	67	59	89	95	21	32	65	10	96	23	48	9	66	18	25	41	42	81	87	9	30	11	54	84	78	58	5	1	32	40	37	52	86	89	70	9	24	54	71	28	47	36	78	32	6	81	72	54	43	59	89	30	71	88	36	10	73	20	52	45	23	30	63	6	30	46	4	12	12	86	28	62	70	79	93	84	2	88	58	67	53	22	40	47	96	11	19	7	35	15	84	12	26	64	44	21	53	84	97	48	85	89	45	82	49	82	21	98	29	91	9	80	28	36	61	1	2	87	53	38	72	99	73	14	47	38	61	23	73	22	29	35	65	74	83	62	43	63	34	5	37	63	21	81	77	24	96	22	77	75	71	56	99	45	68	22	66	14	30	70	29	31	74	45	48	8	74	32	52	92	10	54	41	66	88	34	25	14	35	18	11	14	86	3	93	35	12	20	40	24	53	25	76	23	76	11	22	49	15	25	26	17	61	54	78	21	80	14	30	40	61	11	35	22	4	21	60	21	81	5	19	63	58	56	59	22	51	26	89	8	89	17	15	38	47	39	99	64	77	80	50	68	40	92	100	78	58	32	71	40	56	17	14	26	31	2	59	21	71	90	28	22	12	25	11	65	2	60	24	79	59	77	74	45	47	33	82	35	8	41	72	16	69	53	82	99	42	77	84	51	69	23	24	71	63	47	91	2	71	34	98	11	94	39	68	69	100	2	82	73	91	54	71	75	5	55	78	23	84	9	60	40	7	65	34	88	10	65	8	84	22	2	82	73	71	19	79	54	56	35	71	29	71	61	15	94	9	67	95	92	15	9	45	84	79	33	88	1	45	78	66	8	19	76	8	93	68	79	75	23	12	83	16	48	45	76	40	5	90	33	70	93	17	69	14	60	96	50	52	56	49	69	53	88	46	49	83	30	73	96	21	49	56	55	31	60	43	3	23	51	23	77	31	52	41	80	46	55	64	71	65	93	19	19	18	1	76	2	76	8	51	12	3	28	96	47	81	90	58	15	41	41	13	93	58	5	92	68	12	46	99	32	67	55	6	33	74	5	11	15	60	33	48	35	33	21	38	74	65	41	51	52	45	20	51	56	57	56	60	18	14	57	17	9	46	38	26	27	89	83	30	10	84	62	7	59	28	10	17	39	71	94	17	58	63	56	28	5	27	11	47	59	100	55	49	39	94	13	11	77	54	85	73	70	70	86	98	53	81	89	80	57	55	76	26	42	84	73	4	60	100	100	40	86	32	3	39	40	22	42	58	27	89	73	96	67	32	54	8	94	87	56	83	64	76	4	88	84	3	62	78	32	94	28	70	19	3	18	62	88	84	98	87	11	73	6	27	39	66	25	15	97	64	71	70	8	65	27	11	64	84	90	43	70	8	54	75	58	73	26	87	25	100	31	77	84	67	10	82	67	15	88	72	85	84	11	13	30	37	76	93	54	12	3	2	100	49	9	23	22	16	25	86	4	57	42	47	74	44	75	61	25	46	96	25	63	81	74	42	92	58	72	52	41	51	33	14	84	23	85	51	46	75	55	33	59	100	24	49	27	60	70	67	62	51	17	49	79	18	73	35	45	59	19	35	68	72	83	46	11	96	5	32	74	34	40	63	43	91	46	22	53	11	50	42	69	24	96	97	58	72	3	1	66	27	54	90	1	70	5	29	71	83	72	63	47	82	78	38	96	37	13	35	73	65	72	26	82	95	88	95	5	82	100	55	46	22	53	12	60	67	34	38	1	13	61	81	11	55	82	42	63	91	96	91	24	60	63	30	62	21	67	100	93	26	9	98	22	56	53	58	98	9	30	78	60	64	41	58	78	25	82	70	78	64	20	1	68	2	9	100	31	18	12	58	32	26	28

10
18	88	4	8	18	26	75	93	83	75





