100
20	6	77	64	11	74	90	98	17	22	56	999	43	7	80	45	70	13	97	50	999	63	87	58	84	50	63	35	34	83	73	37	24	72	81	60	33	93	53	27	72	40	56	83	12	50	92	64	66	16	91	16	87	62	46	25	98	81	9	61	4	27	48	52	73	92	74	91	93	23	56	13	98	73	62	100	13	38	95	9	14	12	47	93	63	12	25	82	15	12	47	60	74	90	57	88	31	81	84	91
46	27	47	24	14	59	23	68	25	83	98	7	6	100	33	53	78	81	98	89	100	96	92	23	25	92	82	29	49	23	94	44	5	54	33	79	4	1	24	32	75	17	89	44	61	56	92	46	79	66	6	38	19	84	21	94	72	22	38	18	28	23	8	69	99	72	54	35	99	57	45	93	63	31	25	95	37	23	6	53	57	92	100	60	11	19	88	92	49	8	56	6	3	17	63	91	24	8	17	92
80	28	45	50	71	66	61	36	24	25	80	79	55	30	99	27	30	19	1	97	5	44	2	71	93	45	10	24	16	60	47	33	98	91	91	97	65	60	63	76	86	48	72	26	50	90	30	42	37	92	35	94	2	2	77	33	24	40	39	37	67	83	46	65	99	5	27	24	50	84	58	63	61	29	83	88	66	24	61	64	9	36	52	10	35	16	38	11	39	25	44	45	26	65	52	83	84	32	37	93
40	59	13	6	30	51	4	50	11	93	38	24	83	59	80	15	81	82	21	69	4	82	98	98	20	88	67	88	37	43	70	7	74	8	92	88	78	49	53	87	84	31	90	4	61	35	22	100	52	29	48	65	88	42	13	59	49	96	87	98	9	62	30	36	9	33	59	72	35	26	26	7	32	55	5	38	12	74	11	22	54	32	69	28	51	47	86	78	30	52	57	20	18	26	56	30	2	79	24	52
43	5	54	79	45	78	41	65	52	54	1	54	57	74	92	21	97	50	18	30	49	83	69	98	99	93	72	71	5	2	57	85	44	25	72	85	70	98	99	36	22	8	96	86	19	37	53	73	84	3	82	47	94	35	3	29	90	100	71	14	90	75	12	1	42	56	53	79	78	14	85	97	70	22	29	49	69	26	48	62	56	73	51	64	93	35	15	91	98	90	71	33	37	74	67	35	33	72	16	21
16	50	47	27	58	13	90	76	55	68	28	42	52	84	72	77	33	28	23	97	61	65	2	37	92	1	9	29	38	28	33	36	20	48	77	89	28	48	86	73	26	80	19	79	66	3	30	53	67	42	16	23	54	26	54	9	13	99	30	45	83	69	20	40	83	56	85	48	5	69	52	68	17	50	63	21	96	57	42	17	32	82	29	48	64	75	70	33	20	98	96	6	5	73	83	47	44	58	83	19
94	83	100	46	10	73	13	11	53	9	4	52	81	70	44	29	3	81	81	39	90	49	19	83	31	68	43	73	38	9	95	84	74	6	44	66	94	96	91	10	48	47	63	72	25	85	59	12	30	65	43	38	62	24	63	39	12	55	48	59	12	17	45	77	50	50	48	51	34	49	62	33	63	48	56	95	86	53	63	64	19	46	62	1	66	41	50	5	56	63	14	41	65	66	94	87	96	12	57	3
89	45	44	16	61	61	30	89	14	75	5	28	94	89	73	29	68	23	24	77	49	45	44	80	53	94	12	16	90	2	69	83	74	8	66	2	34	39	52	53	68	70	49	30	67	81	30	47	64	100	67	21	87	73	35	67	68	53	92	61	39	72	82	48	25	12	21	15	32	87	97	24	95	59	93	11	66	48	65	5	33	1	59	98	64	72	44	1	46	43	49	60	96	93	49	77	27	28	64	14
51	67	30	80	31	30	62	75	90	5	46	37	79	89	73	99	23	74	83	48	31	21	5	81	80	23	24	6	60	37	81	68	2	61	7	83	68	14	49	74	74	67	12	39	6	59	14	68	31	96	36	80	51	41	40	24	77	93	55	82	49	57	84	43	45	12	70	8	16	51	77	52	92	10	37	95	11	14	8	65	20	31	79	36	100	5	58	18	89	100	29	14	85	61	59	30	2	100	13	47
74	40	71	94	52	65	11	29	62	51	88	43	58	90	29	56	89	27	1	58	93	71	95	54	48	22	95	87	83	32	33	31	96	93	24	74	75	25	80	32	15	4	39	23	54	41	33	10	3	56	11	84	30	99	57	40	14	98	92	58	16	60	56	78	77	8	78	43	26	41	80	65	76	19	70	34	55	30	15	64	23	48	93	82	9	57	22	21	68	26	24	87	58	61	89	76	1	58	38	39
2	67	47	42	26	27	54	45	94	26	5	32	35	46	49	97	80	45	9	54	74	60	28	79	96	69	81	39	93	91	89	2	76	65	54	16	82	3	61	37	18	83	78	48	90	80	62	25	2	90	66	38	56	85	15	42	14	82	81	88	35	79	27	10	1	92	59	7	7	85	56	2	85	20	99	30	68	51	7	97	71	4	17	8	58	19	35	40	83	88	78	53	23	67	25	41	38	65	100	75
31	1	84	29	9	100	24	999	80	78	85	97	27	66	79	93	51	52	42	73	77	29	17	11	2	78	42	30	26	38	29	21	74	7	32	83	33	64	24	87	81	13	28	75	4	29	61	96	2	77	100	79	67	36	48	23	38	6	37	69	54	71	58	76	18	2	19	36	51	92	94	92	89	88	37	70	23	28	58	93	85	72	60	83	22	64	97	6	61	2	34	44	7	55	58	89	76	89	66	51
87	50	62	67	10	39	49	72	22	7	40	44	86	13	24	57	17	36	12	18	6	22	60	23	87	85	38	67	59	34	58	65	4	87	45	24	31	14	27	73	75	35	85	92	94	1	95	32	18	44	88	64	63	92	26	36	91	13	51	77	48	92	86	93	97	59	81	63	1	13	86	78	82	73	75	97	16	24	79	44	8	81	87	50	3	63	9	23	56	6	17	1	42	100	37	21	89	8	48	57
67	70	74	30	60	93	68	10	7	96	42	62	23	55	53	48	47	74	61	67	12	73	93	30	8	24	73	26	94	99	96	94	61	89	91	90	92	54	41	89	61	59	68	2	67	16	49	70	24	11	85	31	32	93	72	9	15	30	64	35	1	59	68	20	18	98	35	55	85	28	38	81	23	85	62	68	17	29	52	10	10	68	95	57	94	45	60	99	80	49	79	95	38	65	39	7	39	50	82	73
35	36	95	98	20	5	62	58	52	50	74	90	9	88	86	89	48	88	54	48	5	67	87	18	86	27	35	61	93	44	48	40	24	84	73	78	77	96	66	31	56	64	78	74	32	39	23	64	37	70	94	29	90	26	95	55	80	54	33	61	73	55	98	13	10	89	27	97	45	35	78	87	25	88	24	22	99	69	23	66	15	26	30	40	44	15	76	1	18	36	95	77	69	92	67	78	51	39	22	33
16	65	55	13	25	100	49	60	31	24	57	29	14	97	6	64	99	91	34	1	18	93	96	1	92	76	98	60	27	21	80	85	29	55	20	47	15	35	11	91	95	16	27	5	77	14	72	78	72	34	47	97	37	56	97	29	86	21	36	45	81	85	74	71	28	8	43	88	75	81	18	66	61	57	71	95	80	58	92	16	66	87	11	57	71	72	39	70	53	47	66	94	55	23	21	59	83	56	32	96
50	14	50	39	3	85	84	30	60	43	65	74	5	73	60	3	77	95	32	41	78	78	7	17	74	47	68	56	6	17	32	98	41	78	87	20	27	17	21	58	19	78	39	64	75	42	13	53	74	19	24	44	10	91	82	6	3	41	14	76	86	44	42	25	74	48	29	77	24	21	26	23	4	83	56	45	9	7	77	56	54	30	58	72	37	63	79	10	36	7	49	67	87	68	72	90	64	76	99	55
95	83	45	98	3	49	95	90	82	94	39	33	25	89	45	53	36	73	71	26	5	80	70	21	18	10	33	50	2	69	33	34	12	44	72	20	29	82	80	45	97	21	97	1	85	27	21	65	51	13	7	50	3	87	64	11	8	94	73	58	46	38	62	63	79	70	49	97	53	45	92	24	51	91	25	1	13	83	88	59	3	87	87	29	25	99	19	46	44	74	96	74	46	93	72	35	9	18	16	13
16	53	38	8	32	38	50	59	72	66	39	9	89	34	85	85	78	48	78	26	79	73	35	97	43	5	99	44	25	19	64	83	75	54	87	70	2	39	90	63	91	87	88	61	39	88	27	93	33	63	31	42	67	57	36	86	51	19	28	56	92	11	46	43	85	40	43	12	13	35	78	90	72	27	31	76	50	94	89	4	24	75	31	62	82	28	3	41	74	93	51	82	59	2	33	96	67	85	56	69
4	97	71	39	13	86	85	79	6	54	43	94	93	57	50	15	100	23	26	84	28	81	80	13	40	63	97	65	13	53	32	98	34	67	62	94	5	78	16	31	69	95	49	29	12	43	44	67	35	64	66	8	54	92	95	83	7	56	50	86	57	35	48	27	79	41	9	35	1	31	35	44	27	98	58	8	69	34	57	87	11	44	87	17	5	19	94	50	78	56	21	11	31	5	95	23	67	82	72	27
33	70	74	34	81	80	53	16	66	85	55	44	99	61	54	20	95	89	28	63	67	14	13	77	18	9	90	11	84	68	96	36	89	43	78	42	87	96	64	20	60	54	28	71	61	94	80	51	66	20	24	27	12	20	40	93	100	59	55	53	66	48	94	38	44	2	75	26	79	100	44	89	64	56	98	16	84	70	65	35	90	13	25	6	15	83	6	11	4	60	77	63	90	16	56	6	86	62	77	44
61	8	100	55	3	60	4	34	69	45	10	17	95	23	18	64	11	86	90	52	10	57	74	88	32	65	71	2	66	99	76	2	27	10	36	12	56	48	69	36	60	37	71	45	18	78	22	55	85	93	51	57	32	37	42	19	23	90	68	42	36	24	68	39	35	21	100	32	44	3	35	19	29	53	98	59	41	34	45	69	80	13	31	2	48	74	35	46	63	86	3	6	71	7	49	93	71	20	25	37
80	54	33	20	64	17	29	46	46	74	93	1	65	41	83	73	58	2	28	70	77	70	44	30	83	39	60	56	94	50	65	63	87	37	85	35	33	80	57	93	99	83	55	61	55	100	38	96	79	60	57	23	47	39	35	63	64	86	58	42	32	98	86	16	82	65	23	33	91	85	37	33	38	98	41	94	95	87	72	18	14	40	92	16	27	53	50	9	83	46	39	8	48	15	37	90	82	30	37	97
67	9	94	21	40	79	3	54	11	84	57	49	9	5	24	6	79	6	42	13	78	19	4	22	93	55	31	26	55	62	38	17	56	64	40	51	29	63	69	28	92	84	56	48	49	16	5	30	98	51	78	60	6	63	40	78	12	5	80	15	84	83	49	66	53	43	2	46	1	8	76	50	86	48	69	22	56	16	63	34	12	86	42	94	34	24	32	64	83	37	8	82	28	39	64	72	3	52	17	82
48	71	69	18	18	51	23	14	89	69	21	92	45	55	82	75	91	39	20	93	38	75	44	67	87	34	79	8	38	48	58	8	75	88	28	74	19	45	80	56	90	75	16	24	77	65	46	84	100	84	80	40	73	37	18	2	38	27	85	25	52	43	87	77	58	55	73	21	47	78	87	3	30	89	14	85	4	84	44	86	66	23	28	96	6	6	12	100	8	54	77	59	21	42	77	44	100	32	49	7
3	26	58	57	9	98	16	61	55	29	26	14	28	97	15	83	42	43	95	42	93	83	74	92	64	68	84	83	65	96	85	32	31	17	45	19	71	58	50	23	15	78	53	47	37	56	18	92	19	46	1	31	2	11	27	57	85	80	11	69	69	69	24	88	62	56	17	78	61	1	2	73	23	64	46	84	40	27	7	4	58	50	13	75	3	2	12	12	89	33	53	39	86	40	37	83	16	17	74	42
97	81	6	84	50	70	10	59	17	35	86	55	20	86	31	67	73	29	21	65	34	25	35	97	18	9	92	39	44	72	35	50	30	76	1	2	87	31	54	70	29	74	68	10	88	9	22	44	55	92	88	73	56	50	50	29	33	27	41	51	98	50	85	48	93	25	85	73	34	55	77	45	82	48	71	54	10	24	89	53	11	86	17	55	64	41	72	24	32	85	97	16	13	10	46	93	88	99	29	48
56	24	68	21	99	62	16	37	51	34	22	32	48	60	29	68	55	11	40	34	84	93	39	35	4	53	75	98	50	94	43	6	9	20	66	21	33	14	78	34	80	8	13	22	97	30	4	34	27	98	15	94	82	74	43	7	22	67	44	36	4	87	2	58	100	4	12	5	75	8	15	6	20	9	22	64	44	13	4	43	61	75	49	31	96	5	3	60	20	59	69	81	63	9	64	62	46	88	35	25
89	98	66	6	62	22	79	32	97	19	36	64	39	37	76	84	61	63	84	83	36	76	5	44	6	74	85	80	50	9	52	36	31	24	95	71	23	59	50	60	80	55	46	14	77	97	56	60	54	43	43	30	27	80	18	6	48	59	95	8	79	4	74	82	49	5	34	37	80	13	95	74	78	56	81	19	9	96	24	12	96	18	51	32	55	63	37	2	93	88	81	69	87	92	36	57	48	65	12	97
99	93	90	84	93	48	52	33	3	77	48	56	94	33	86	66	68	89	96	65	24	78	20	8	78	78	2	42	35	88	25	98	27	17	70	66	26	55	41	64	13	85	20	53	71	27	80	70	61	34	44	14	73	39	51	90	89	44	5	21	46	81	80	46	6	99	39	33	29	30	45	42	97	58	64	69	49	45	51	99	86	99	47	54	62	61	68	19	93	1	64	23	4	95	29	68	79	66	80	36
8	69	42	56	32	4	46	3	67	15	49	67	65	58	22	10	95	33	42	50	7	86	64	1	45	85	24	50	29	19	91	6	66	58	10	75	58	17	61	39	51	37	41	92	38	11	59	51	41	24	60	40	97	99	82	5	44	73	85	77	72	60	32	16	16	33	97	98	92	60	58	55	100	32	10	17	4	68	55	37	17	64	34	92	74	31	24	25	70	15	75	66	39	61	4	50	23	19	69	2
43	94	53	29	94	67	99	54	40	23	4	24	71	30	92	73	98	43	22	4	54	66	19	76	82	74	60	83	92	62	22	17	71	56	2	51	1	45	41	52	34	84	67	6	73	99	10	76	47	98	87	13	68	77	13	77	60	44	89	46	70	59	15	90	68	91	54	20	91	10	7	20	25	32	17	65	63	56	35	53	99	41	91	26	71	40	96	78	8	84	29	53	35	22	39	41	30	19	91	58
58	90	18	46	61	70	32	40	96	62	7	12	96	57	52	42	20	74	96	86	25	26	45	71	62	13	79	35	88	97	10	78	6	78	27	22	47	76	7	20	31	6	73	25	34	46	43	83	31	81	91	60	92	62	69	59	58	63	49	33	37	4	31	13	86	35	51	95	42	17	71	100	98	17	49	47	79	41	11	27	82	76	63	84	78	21	37	62	20	16	68	55	19	44	100	31	99	58	24	7
52	11	67	46	30	9	78	52	28	58	64	67	50	57	32	60	98	66	100	52	96	36	50	60	67	26	78	66	88	92	70	33	89	86	62	99	24	19	9	54	55	3	75	14	87	63	38	40	34	74	69	5	80	33	74	48	65	29	73	3	84	65	8	53	99	78	77	43	15	81	75	4	86	36	100	23	76	19	10	77	29	47	77	46	90	32	8	55	4	51	87	31	17	35	44	45	68	92	89	22
22	98	17	89	29	86	2	18	16	27	30	38	9	43	69	97	58	39	92	59	70	93	41	35	54	72	20	36	92	63	93	91	40	15	92	47	68	95	36	89	47	34	84	26	57	55	7	14	9	53	45	18	82	47	31	49	61	12	7	25	91	24	60	60	49	48	83	96	41	7	84	90	40	99	78	73	66	16	97	8	74	18	2	76	65	47	71	27	83	95	98	86	9	62	19	40	7	55	27	87
85	74	93	35	48	9	42	23	33	79	79	49	31	39	53	30	45	88	45	50	49	9	67	25	45	25	92	25	34	92	58	94	30	60	22	60	4	73	74	45	84	15	16	5	96	28	97	23	97	10	80	86	83	32	79	67	23	81	60	87	91	97	63	79	82	83	56	66	85	59	34	72	85	72	60	67	98	79	45	17	3	42	53	56	42	58	37	92	46	75	76	13	84	27	27	7	66	63	75	58
44	66	13	89	82	42	89	16	38	69	49	72	26	98	65	5	38	36	48	30	90	66	5	61	51	16	27	33	80	12	91	20	79	44	2	67	12	75	85	91	5	66	20	91	54	42	99	24	21	77	64	20	77	85	25	70	67	36	78	94	64	73	15	81	17	39	92	42	36	56	3	35	23	10	75	47	51	72	57	67	62	76	51	22	14	25	5	45	3	21	16	17	70	70	2	34	96	41	64	31
89	46	39	55	9	89	1	32	40	93	90	99	54	23	99	22	30	43	75	3	87	11	58	67	49	75	46	18	93	91	38	26	80	98	90	29	25	36	14	76	13	97	77	68	66	18	18	84	96	91	11	65	5	52	18	81	16	96	18	95	35	38	41	2	62	41	12	70	53	90	24	93	21	37	74	14	32	83	61	16	65	6	28	39	33	74	43	76	57	72	89	31	4	42	49	85	50	99	9	5
17	41	45	50	66	59	17	51	32	20	75	70	62	37	48	44	49	51	82	86	65	18	41	34	97	82	32	85	50	1	11	24	27	37	30	99	87	5	63	2	93	30	12	40	93	2	92	29	77	52	82	43	50	20	67	62	62	37	85	83	100	89	56	46	77	21	46	95	19	20	91	77	87	85	14	81	15	5	5	8	27	36	30	17	24	64	50	42	95	99	65	64	5	98	61	62	34	7	78	23
80	5	2	91	22	97	76	35	56	12	54	27	38	41	3	44	90	2	24	43	94	11	86	29	78	94	46	99	1	12	2	66	61	85	97	44	76	63	31	99	68	86	87	44	3	34	20	90	42	51	48	62	84	8	52	60	85	5	45	4	73	80	29	38	23	14	6	59	85	24	52	48	66	38	72	82	48	12	31	87	34	63	26	28	72	89	33	84	12	91	21	63	4	51	5	88	18	39	53	88
72	93	5	12	10	53	29	76	75	34	70	31	44	62	54	28	48	34	46	50	96	88	53	10	84	25	70	90	77	75	41	78	30	52	25	46	78	35	53	4	81	91	4	55	54	60	49	78	38	87	51	7	13	96	60	2	78	44	77	41	98	100	99	63	83	84	95	29	43	94	5	56	55	71	99	8	43	51	13	41	53	1	97	43	3	50	75	3	49	1	5	71	61	97	51	26	60	86	65	41
66	31	86	64	68	75	88	70	6	68	93	46	64	52	12	47	78	13	5	86	25	69	75	93	71	16	49	58	10	86	87	50	4	67	70	8	27	1	10	32	86	42	55	83	99	90	95	53	48	29	95	98	63	79	46	39	7	85	83	54	59	9	17	10	79	80	23	38	45	55	38	30	2	25	83	61	27	74	72	8	80	29	99	77	44	86	31	41	97	83	68	77	37	19	68	23	92	61	77	68
56	15	94	61	65	19	62	69	45	95	42	81	62	66	85	38	86	38	29	31	38	10	76	75	8	40	9	73	12	91	45	61	35	42	27	81	9	99	82	5	97	1	75	65	50	31	63	29	19	21	63	10	13	28	15	64	79	21	63	35	44	53	96	95	98	50	95	60	39	66	30	35	63	100	1	17	49	83	48	100	28	72	3	31	73	9	21	15	44	60	11	72	18	30	79	99	7	45	41	53
100	1	98	81	92	23	12	78	76	85	72	14	9	87	38	82	23	64	52	59	82	98	13	67	72	32	57	36	51	75	7	80	89	27	25	86	37	8	3	53	88	60	50	8	23	35	25	7	35	100	46	4	54	77	21	61	58	20	80	27	5	60	33	47	64	92	65	67	31	62	89	11	78	59	83	43	64	50	45	24	69	84	13	34	6	53	35	69	96	17	76	19	40	15	76	7	45	8	79	33
19	89	62	69	100	77	65	74	6	39	41	3	94	33	999	53	98	5	15	86	30	18	67	92	76	16	80	87	15	44	20	95	98	68	100	53	93	13	94	73	44	70	80	84	94	49	67	59	48	28	19	69	43	49	61	76	76	46	83	19	64	40	4	28	19	1	14	58	91	33	55	4	95	96	54	59	41	8	75	74	100	46	59	32	41	71	61	36	71	18	97	16	47	3	90	100	98	89	34	87
19	94	47	84	70	25	92	8	37	50	60	82	45	46	999	50	43	64	67	37	36	64	97	23	60	22	47	57	68	17	9	72	24	90	72	3	71	55	69	88	16	19	7	84	13	51	49	52	74	92	50	73	54	66	44	72	14	30	37	91	53	6	6	57	23	72	80	11	60	99	16	30	34	32	95	66	60	31	27	85	12	59	60	46	14	12	43	46	85	41	76	3	29	26	2	68	61	59	24	57
88	69	73	62	98	2	76	56	84	59	76	68	63	35	97	60	8	10	23	39	36	99	1	74	8	46	75	43	52	83	13	28	94	1	53	66	61	91	16	30	65	48	63	9	51	45	18	28	69	90	16	60	25	64	77	93	32	23	83	5	19	41	80	16	45	1	83	1	21	80	98	4	87	3	1	23	26	66	16	53	24	87	83	68	14	52	77	74	4	18	26	16	94	32	58	75	70	7	10	88
5	45	97	40	9	94	68	58	4	40	46	89	89	73	18	100	51	94	9	6	92	80	22	61	91	4	30	30	10	64	73	88	96	12	21	84	4	78	55	5	24	71	10	13	48	95	11	17	79	37	76	99	76	83	42	30	81	12	100	96	65	50	48	70	33	38	71	82	94	11	37	90	8	22	79	42	14	22	96	74	34	76	51	14	86	68	61	98	96	56	22	94	55	37	73	37	45	48	57	14
55	46	17	10	81	34	76	29	13	69	96	65	35	94	74	7	49	71	96	3	18	33	79	67	12	43	92	2	61	77	93	90	93	75	97	65	46	77	24	11	42	47	1	16	44	92	6	2	95	76	77	43	65	89	39	43	15	16	34	67	65	95	10	10	13	44	58	18	86	50	93	79	86	4	11	72	13	5	28	13	77	52	17	100	55	39	81	78	7	25	24	96	24	66	14	22	34	99	31	6
10	36	40	9	96	99	57	6	84	63	87	100	12	85	39	71	25	73	7	48	41	27	69	60	11	42	11	32	5	34	53	72	88	79	38	39	88	37	92	30	24	26	79	41	93	84	96	80	83	100	81	39	19	46	89	29	30	91	9	79	47	58	22	71	27	41	76	36	12	8	68	30	71	50	40	4	65	83	16	51	9	97	45	87	13	14	34	100	14	23	86	61	64	44	50	16	56	57	80	4
17	68	52	51	93	68	67	30	17	78	73	55	35	27	59	68	44	93	90	10	5	92	98	16	74	22	33	71	19	10	40	64	32	98	53	33	11	75	73	52	21	25	49	91	72	66	89	89	63	70	97	90	6	47	72	35	52	5	50	50	58	68	13	42	65	99	5	13	30	2	85	74	91	33	46	61	99	79	64	2	9	87	99	27	93	49	24	74	81	53	36	9	69	81	55	52	90	89	40	19
42	34	13	56	72	55	10	35	58	84	78	21	79	82	59	55	5	14	88	57	24	3	78	9	48	75	84	51	7	52	19	36	13	64	38	86	13	12	46	49	70	73	91	33	45	83	58	41	74	47	17	52	73	68	39	37	38	100	70	99	15	47	12	62	40	37	26	16	35	11	24	35	12	41	44	44	60	38	98	93	23	26	18	73	40	73	69	33	25	77	71	58	69	62	12	96	42	60	74	87
64	10	52	53	77	58	92	98	76	82	52	90	4	91	59	33	19	17	87	50	99	9	81	78	3	77	58	44	53	18	48	19	57	96	30	84	84	75	83	53	13	69	43	90	98	34	91	45	85	21	95	91	58	72	20	38	67	68	66	55	13	21	21	77	98	46	90	95	14	38	47	63	78	14	5	11	45	24	27	91	98	19	23	62	55	49	51	6	33	51	61	12	64	8	41	16	27	3	56	64
96	41	18	65	39	73	26	55	4	99	51	88	76	68	35	25	31	20	17	95	80	97	79	68	54	32	20	87	87	12	11	62	63	17	95	18	25	96	23	88	86	53	54	27	50	52	62	3	37	65	99	48	50	9	81	40	76	6	14	45	12	9	58	24	63	29	81	47	78	33	100	81	7	30	71	33	24	37	54	75	56	93	74	30	20	80	81	58	82	60	1	51	50	48	65	52	18	1	70	33
87	25	59	59	72	57	94	25	22	63	81	83	5	90	16	97	19	20	87	75	34	19	81	47	33	56	25	100	28	57	77	59	61	65	98	16	18	96	75	14	49	45	74	13	32	15	49	98	75	98	88	6	18	80	48	65	4	98	83	71	1	60	11	26	30	98	78	49	48	63	77	48	45	10	74	75	39	25	27	38	94	21	8	64	84	83	54	80	38	24	9	9	9	80	31	18	85	83	51	73
41	95	58	62	62	49	10	72	56	85	67	80	2	90	55	14	57	46	49	58	77	64	51	44	66	11	92	4	58	11	51	73	87	35	99	84	10	97	4	8	82	44	8	20	14	72	74	80	88	72	67	9	38	9	51	59	36	67	5	87	39	97	64	86	88	53	87	31	17	35	54	32	58	81	17	11	22	92	58	96	24	14	87	76	34	27	45	66	48	8	29	75	66	11	100	74	53	12	14	9
69	35	84	73	1	69	78	58	100	70	54	94	73	64	98	84	92	31	90	46	40	94	61	35	5	82	31	27	19	74	35	49	78	56	54	22	68	49	62	35	1	42	41	34	5	19	62	42	48	7	12	8	13	33	78	44	91	39	70	58	4	70	31	46	57	80	89	55	28	26	74	25	87	58	9	79	62	35	29	36	35	11	96	69	30	38	38	79	7	57	67	25	92	47	72	67	65	28	41	51
86	45	40	8	25	74	55	51	8	69	56	24	65	2	35	12	42	62	67	53	86	77	95	84	21	44	89	33	76	79	31	59	46	62	25	76	8	73	14	37	99	58	4	18	52	42	32	45	26	99	75	97	43	43	98	18	85	91	70	61	99	61	73	35	17	50	16	47	26	50	45	39	32	80	83	39	7	24	81	72	83	61	50	36	54	44	85	14	92	27	41	76	8	12	22	96	15	33	64	32
6	58	3	67	42	10	8	68	32	56	97	50	100	70	18	74	16	57	73	15	57	89	59	24	16	48	99	55	67	66	55	100	78	15	91	78	20	69	86	40	78	22	82	70	76	53	28	75	7	71	93	35	94	66	24	51	94	60	29	24	51	90	50	50	29	75	58	87	85	75	55	66	81	12	54	81	59	37	23	63	87	48	30	34	86	68	71	3	96	72	76	25	1	6	39	79	86	26	44	5
69	83	66	9	61	27	57	98	65	40	59	41	8	43	100	100	77	78	69	54	17	65	67	71	98	76	49	93	15	7	6	11	42	49	3	3	23	68	35	99	20	24	98	45	42	76	23	64	58	43	24	99	28	61	42	87	45	56	54	29	23	14	3	72	92	12	87	20	13	2	85	10	55	54	1	33	48	77	63	70	88	84	26	87	4	50	28	23	10	6	21	79	22	55	83	23	59	59	49	63
85	100	44	71	48	13	15	83	8	11	20	99	22	39	53	69	17	28	87	2	38	79	92	2	1	32	90	80	1	42	23	38	95	64	4	86	10	61	1	99	88	4	27	48	53	36	18	75	61	10	15	33	51	89	1	3	89	24	58	70	69	75	65	45	35	27	67	56	55	59	4	82	96	25	39	91	96	84	18	87	26	11	27	74	90	4	24	15	36	5	18	12	35	19	91	22	1	4	86	87
51	88	71	4	74	79	69	43	97	12	24	94	68	5	78	46	84	52	9	56	97	33	33	46	9	66	16	100	38	53	47	10	85	48	37	35	58	49	56	67	80	49	11	28	82	59	63	99	13	77	52	38	3	70	15	37	32	23	43	25	4	31	30	47	19	87	75	65	37	32	20	64	21	1	32	43	73	31	68	8	100	40	20	28	97	89	46	42	96	60	56	44	72	50	50	41	38	27	64	92
76	14	43	88	40	97	63	22	7	40	48	18	45	78	50	69	30	62	85	95	46	39	10	35	38	8	85	13	65	64	90	1	1	39	34	53	33	37	24	48	65	64	43	10	26	34	85	4	76	11	46	34	16	89	25	78	91	10	31	22	64	23	17	18	49	14	30	97	77	99	9	52	11	38	48	37	7	78	63	28	83	98	68	67	32	97	59	24	62	23	67	59	40	65	79	64	24	76	20	84
1	78	4	100	9	3	49	999	36	72	88	41	86	66	30	88	94	60	16	16	36	59	12	67	19	45	2	87	68	42	24	25	75	40	22	45	93	81	86	20	82	15	61	74	86	40	13	73	65	84	51	6	47	69	16	1	38	79	30	91	45	69	92	90	86	77	15	93	3	50	88	43	85	71	5	61	93	15	36	25	18	31	84	51	14	49	20	93	83	19	61	18	87	93	58	54	8	52	26	41
83	95	12	90	2	99	10	6	37	78	91	16	94	58	4	18	78	48	6	18	97	23	57	12	42	8	95	6	21	37	7	92	3	24	43	80	34	23	75	55	74	7	37	85	38	63	94	73	41	33	77	100	31	48	73	64	66	59	100	45	50	67	93	49	29	27	74	81	96	36	81	100	91	21	58	7	45	76	82	69	38	28	97	32	44	38	51	46	55	43	50	85	82	50	68	54	43	61	91	12
15	10	74	95	23	20	46	26	83	63	82	11	100	55	34	68	98	35	51	6	27	39	96	5	81	31	96	45	86	66	98	1	90	62	49	24	42	90	98	80	91	7	97	94	73	18	12	99	38	47	29	41	59	44	77	52	5	22	99	96	9	29	75	34	50	73	92	43	2	55	66	65	35	44	67	53	93	95	77	57	87	71	12	48	35	46	6	51	37	38	72	31	97	73	83	94	49	84	100	73
16	8	56	12	76	92	54	23	51	95	71	81	67	65	84	5	88	86	84	62	54	20	77	60	76	38	13	63	57	10	62	38	44	27	16	57	18	77	76	3	90	27	68	93	73	63	98	15	92	36	60	84	30	8	70	81	93	89	8	42	45	40	50	100	50	2	92	63	67	38	67	44	32	43	81	24	94	21	9	16	69	56	89	27	54	98	50	96	92	61	91	3	25	91	11	57	28	27	47	83
17	99	31	53	8	13	83	63	91	28	98	86	83	64	30	24	99	23	18	37	51	71	6	85	19	16	13	33	35	76	38	71	50	63	98	34	9	63	31	66	83	17	62	81	57	23	32	79	86	70	51	1	100	49	8	77	67	67	73	58	49	7	35	2	17	9	36	11	16	13	19	18	81	35	72	7	52	1	45	15	53	89	92	56	92	9	48	82	78	49	54	46	87	26	53	65	6	84	1	65
97	60	65	45	68	97	12	34	68	34	81	93	18	73	59	4	41	11	48	50	25	54	100	71	84	45	41	54	92	15	96	93	90	35	87	46	5	84	59	51	100	73	40	22	98	1	65	39	94	40	30	80	51	38	13	54	60	79	15	7	56	74	33	96	44	93	79	56	99	20	73	95	46	13	14	58	10	34	69	76	57	33	38	25	64	6	4	27	78	34	37	98	5	52	19	40	51	70	39	22
36	42	38	82	96	45	99	27	28	60	90	79	77	45	10	42	57	43	93	75	70	42	22	22	75	83	85	71	55	16	26	36	8	55	90	82	87	87	2	33	74	3	86	20	7	85	59	69	40	8	97	98	100	70	12	97	4	51	63	53	25	97	19	85	44	35	17	98	45	7	7	23	75	5	68	6	84	57	61	12	90	25	70	58	6	1	43	42	20	45	93	49	62	58	56	64	50	88	48	64
84	41	74	13	89	27	78	6	71	85	17	33	24	85	25	33	32	51	93	27	16	97	49	58	25	71	99	30	39	88	99	30	79	96	50	81	39	88	48	8	67	71	49	25	40	80	4	29	96	90	65	11	81	95	91	27	73	96	3	7	91	95	47	87	93	70	70	48	20	92	12	86	10	21	57	6	35	36	27	80	23	72	9	84	57	46	27	82	38	72	32	43	64	17	77	20	90	36	12	99
46	3	50	98	59	49	86	78	92	100	83	49	24	62	41	28	19	72	65	4	44	40	86	27	91	50	37	42	47	82	18	45	11	69	84	84	25	69	48	80	49	35	97	72	29	5	92	74	26	57	33	89	75	59	3	7	70	63	2	19	3	63	83	51	75	35	78	5	88	8	80	11	90	47	62	62	90	16	44	49	77	48	86	67	41	40	50	8	40	21	43	69	89	4	24	31	80	35	8	82
6	12	79	23	71	61	75	16	34	76	83	78	48	69	10	96	86	97	78	50	13	77	22	3	93	32	7	18	94	72	17	54	74	51	8	36	13	16	81	69	100	45	18	35	3	38	10	39	18	95	54	28	74	53	89	23	71	24	100	40	68	49	43	4	79	79	14	74	41	86	85	67	58	99	34	61	44	63	22	87	20	64	86	78	40	8	93	59	99	59	43	86	37	39	96	31	71	34	61	59
10	64	77	78	61	17	96	33	95	46	9	25	23	10	24	3	1	63	3	71	84	87	27	96	3	44	67	98	23	10	21	43	82	9	47	79	65	56	42	2	73	62	35	89	75	70	54	43	21	47	3	10	5	51	41	6	35	56	58	98	53	98	42	96	9	69	73	81	18	40	98	61	82	45	31	7	16	33	32	69	64	99	20	100	14	48	60	93	52	89	20	84	76	74	8	93	87	49	70	54
77	43	91	30	61	70	2	90	93	71	26	33	8	39	11	76	9	65	99	33	77	44	59	16	69	78	44	58	62	72	16	25	28	55	14	67	80	17	99	36	76	80	41	13	74	67	28	70	74	38	33	21	23	10	96	66	43	25	97	60	87	90	10	100	24	50	39	48	84	51	31	76	84	31	57	5	2	95	51	18	47	4	74	98	5	22	31	52	73	13	88	51	8	43	65	57	38	34	39	34
45	95	85	75	73	55	57	12	84	18	68	8	30	21	91	16	89	42	97	27	85	13	25	35	26	60	20	94	34	91	84	41	30	91	38	77	79	76	70	73	81	46	37	62	91	94	98	92	18	21	33	81	60	4	92	51	19	97	22	62	88	31	37	53	47	35	29	80	66	49	14	20	65	67	37	33	39	85	37	62	78	60	38	27	62	99	98	59	60	79	95	7	60	17	64	45	24	11	70	93
96	44	9	74	90	20	81	36	16	41	53	88	71	24	50	95	80	40	63	62	91	43	67	83	16	4	95	80	21	58	89	38	77	11	8	13	55	73	43	50	20	22	23	44	27	14	78	76	81	30	38	56	6	76	81	4	33	14	34	57	19	94	5	63	27	62	14	40	59	48	21	82	12	30	96	99	14	55	43	55	46	72	21	51	59	36	15	69	61	16	88	78	99	36	63	41	96	30	67	55
78	11	10	76	65	70	96	100	71	47	1	38	33	23	13	12	68	29	57	48	87	45	94	53	17	15	38	28	31	2	82	49	91	92	85	15	59	63	8	42	61	39	25	97	18	69	59	71	52	54	83	85	67	46	60	65	99	88	8	79	10	21	76	94	17	18	78	22	29	15	2	49	40	1	59	31	43	28	60	1	62	65	86	71	73	25	49	50	97	83	91	80	30	88	42	32	89	80	25	87
4	51	75	48	59	50	16	38	79	41	98	15	91	60	53	42	16	81	92	64	67	56	26	85	57	58	89	68	7	70	98	33	47	32	11	37	10	54	82	10	79	7	95	53	54	39	62	66	81	2	20	70	6	30	84	47	48	4	99	31	20	77	40	63	64	58	71	66	70	65	30	63	38	56	90	15	62	51	72	35	34	36	58	50	57	75	95	45	97	1	85	9	45	18	62	90	4	74	77	18
22	19	32	69	18	34	74	10	92	8	57	94	99	41	58	65	53	33	11	73	18	44	61	49	78	2	50	29	55	37	34	39	93	15	7	14	86	35	29	5	3	26	1	84	5	79	71	2	46	43	55	21	87	81	40	41	58	71	22	21	43	60	90	76	12	76	96	16	71	48	100	36	31	30	54	2	60	33	11	85	77	60	54	96	100	25	99	55	44	60	72	96	43	43	81	29	64	92	24	9
89	10	46	18	62	19	98	73	88	95	14	14	75	76	44	84	97	13	5	93	54	7	56	52	25	84	47	35	25	62	42	39	45	63	74	22	74	46	39	48	22	4	7	90	28	80	43	65	16	90	83	16	82	67	40	55	72	96	61	96	15	96	65	39	49	96	10	75	99	81	49	70	7	92	57	20	49	83	13	27	12	10	32	28	1	31	63	83	46	90	92	15	19	39	3	55	20	28	37	53
33	29	53	10	89	86	24	41	7	9	75	66	65	55	74	83	21	100	81	86	17	35	57	83	53	79	28	15	86	37	31	54	99	40	8	48	49	97	98	22	1	32	14	80	1	49	83	54	96	28	11	96	91	29	24	62	94	61	44	61	86	13	70	61	74	22	67	33	78	17	92	58	22	73	91	69	16	82	89	13	34	99	93	51	36	18	8	3	28	51	22	97	83	46	74	12	35	52	40	81
92	17	11	47	68	42	51	87	98	34	19	93	100	42	83	26	95	14	76	68	88	91	44	48	9	87	4	50	4	31	97	23	26	17	56	85	12	39	73	9	68	42	53	23	5	30	13	90	11	18	31	73	35	12	55	50	32	65	55	17	79	26	6	96	16	31	72	8	29	97	55	33	80	35	60	49	55	33	90	20	47	40	18	57	87	50	70	90	15	17	81	2	95	85	56	64	35	31	33	22
38	15	29	61	50	62	47	90	37	57	17	8	62	52	7	88	47	92	44	85	28	74	84	31	57	38	63	8	54	45	82	12	36	18	85	61	81	94	36	1	92	8	55	44	62	85	15	60	46	88	14	43	55	15	87	44	49	8	67	7	42	25	19	93	76	39	85	5	28	36	52	69	34	27	51	100	74	48	51	37	51	5	14	80	92	62	9	59	34	53	84	68	17	95	100	14	93	44	95	82
26	97	88	51	84	17	7	66	25	82	90	12	84	100	24	40	65	57	71	4	15	43	80	88	25	82	66	94	22	22	51	71	9	49	15	93	44	40	23	72	71	92	22	28	96	52	15	24	77	89	68	65	27	34	8	100	80	99	24	11	79	33	69	59	87	17	14	80	47	13	40	7	53	2	44	61	50	85	88	88	68	86	11	88	17	19	50	82	16	9	77	64	24	37	68	21	76	60	22	79
15	99	34	34	67	21	7	9	22	33	19	20	91	34	69	58	42	99	1	78	89	64	47	29	68	79	28	86	27	15	68	53	6	51	83	50	55	91	10	69	7	47	36	20	70	93	91	4	35	90	79	17	75	13	76	68	9	46	97	61	79	70	60	2	26	7	62	74	80	67	49	94	81	20	45	72	69	41	8	77	14	47	35	87	24	2	11	63	41	15	38	74	41	87	100	15	77	58	14	11
21	26	53	2	85	20	3	43	72	40	43	96	50	61	33	1	32	25	30	69	89	8	55	65	42	70	56	88	22	4	40	72	97	66	33	5	22	40	13	26	45	91	68	96	68	2	97	61	99	30	68	87	49	66	88	20	56	26	5	10	27	57	100	62	78	69	73	92	25	47	81	37	99	9	8	65	97	75	30	45	88	49	72	97	6	90	93	91	24	86	33	44	96	66	96	72	68	51	70	38
3	1	38	58	39	98	8	90	96	99	5	85	88	30	40	83	37	71	87	50	72	42	96	87	23	51	47	15	44	2	50	94	80	15	74	7	35	42	49	48	32	49	11	6	95	81	99	35	40	83	86	32	30	79	20	24	35	58	95	23	40	60	83	37	10	59	89	30	44	72	57	28	20	70	67	49	21	89	80	20	62	40	61	44	69	21	90	100	84	35	93	97	61	8	21	81	87	2	23	70
3	63	44	60	69	85	75	98	82	72	99	50	30	78	67	90	13	19	70	1	100	18	29	2	7	25	27	23	78	60	53	99	81	33	39	39	95	82	98	99	20	69	1	89	29	91	65	54	8	21	68	37	73	75	88	8	82	27	65	62	68	16	78	28	14	65	36	73	5	64	76	47	34	1	37	24	15	86	97	29	92	90	24	31	84	57	34	50	68	15	17	96	43	33	34	88	59	94	54	10
19	8	90	69	60	61	27	75	90	52	74	86	90	999	61	66	79	51	92	78	30	10	32	90	18	54	83	60	75	79	6	87	66	96	18	44	69	20	34	80	98	72	53	6	84	59	11	37	43	19	64	14	28	77	13	14	27	85	67	90	82	69	5	13	44	92	14	38	77	13	6	25	63	81	27	41	23	20	12	4	30	49	29	96	90	30	94	63	8	46	53	24	51	18	72	3	38	64	79	92
84	97	62	71	17	34	61	34	3	79	13	36	65	49	26	83	83	10	19	5	51	43	44	19	56	96	58	50	58	1	29	40	49	36	59	41	86	90	4	72	66	95	14	71	55	61	14	4	73	21	29	94	9	93	67	83	32	9	31	90	57	11	87	49	24	53	17	63	65	78	22	39	97	19	57	3	22	88	52	68	91	69	89	55	42	80	31	18	3	79	18	32	94	89	40	91	84	18	22	33
98	24	100	31	30	58	67	5	49	60	64	72	51	98	8	22	99	75	26	41	70	58	47	26	39	29	35	48	90	66	14	82	10	70	59	24	73	39	11	76	9	95	34	54	48	36	85	12	80	28	21	97	100	88	58	95	43	44	76	30	59	92	13	31	49	23	57	59	62	51	82	96	4	100	31	87	41	63	86	19	88	9	58	17	11	75	30	57	94	79	68	68	16	67	23	70	57	29	40	83
34	8	94	65	6	47	77	89	65	92	37	65	81	14	23	58	79	99	24	81	20	88	56	75	96	70	25	69	61	44	74	31	23	15	25	49	72	98	43	9	24	73	33	19	14	28	62	9	68	31	36	36	25	17	13	81	13	57	75	63	46	74	26	28	60	91	8	30	7	70	30	36	86	22	38	73	51	84	39	97	6	25	77	84	57	84	46	35	82	25	5	46	63	44	10	2	90	94	100	26
20	78	16	38	95	22	85	65	2	44	86	97	52	92	92	76	83	20	87	12	18	24	36	94	32	22	35	21	42	22	85	31	86	75	55	17	85	9	57	16	46	56	54	49	25	22	96	65	21	22	58	86	64	44	45	18	79	9	75	56	60	96	78	68	18	6	64	40	26	17	6	28	91	21	25	28	65	100	44	84	41	62	23	34	20	77	65	59	59	36	57	34	12	59	74	43	43	3	94	71
12	84	62	56	52	22	55	65	83	52	35	67	70	100	18	77	72	16	2	25	19	40	1	61	10	93	37	36	71	3	25	28	84	50	28	28	60	92	27	69	20	68	5	30	55	75	93	84	33	100	9	8	91	57	30	96	72	53	100	96	15	76	51	70	69	70	100	55	38	5	84	8	66	62	72	32	55	61	34	46	18	40	98	52	64	4	79	97	24	47	84	18	75	51	14	89	44	54	33	96
4	11	39	9	6	25	8	32	28	99	74	56	71	34	61	63	26	88	52	95	49	74	100	34	43	100	14	32	67	61	8	65	4	9	6	9	96	53	12	52	85	13	99	73	87	86	91	21	88	74	19	20	75	2	93	91	34	29	94	66	64	35	65	100	88	36	20	61	6	49	31	17	73	56	54	27	21	100	66	85	33	68	90	56	45	87	43	22	78	4	24	74	32	76	57	81	47	30	82	11
3	11	73	46	96	50	13	84	76	17	78	93	78	61	27	48	94	22	32	97	44	33	84	67	60	35	15	37	23	28	8	65	56	71	38	9	10	89	5	49	32	71	84	18	3	9	43	51	96	96	40	93	49	33	99	90	65	97	29	56	7	12	67	100	77	94	70	4	58	71	54	23	15	7	52	99	55	93	37	63	49	49	17	54	98	27	99	70	22	62	13	83	97	93	62	83	100	47	77	21
82	48	16	40	96	20	57	1	45	74	72	16	73	14	29	22	49	61	31	27	8	37	54	1	90	8	3	88	3	30	32	84	49	95	55	14	88	38	47	8	65	22	24	10	26	97	38	16	88	96	15	76	53	24	22	31	92	8	90	33	53	69	16	43	43	96	66	10	18	10	93	38	40	94	33	83	24	50	10	51	40	56	47	58	73	95	39	59	50	92	74	8	20	70	63	85	49	10	36	22
54	81	79	18	46	83	48	63	84	100	95	14	88	14	63	3	28	96	4	73	41	20	99	64	89	89	19	68	28	4	98	20	36	67	38	32	80	8	36	75	5	70	51	16	74	88	99	10	59	99	66	78	28	83	35	28	87	12	37	14	17	16	5	75	83	24	85	2	94	92	49	71	73	32	38	77	73	36	87	28	73	73	72	53	70	57	86	67	64	45	25	71	32	71	58	35	99	24	83	61
16	27	24	99	45	22	99	63	60	29	21	49	69	69	88	51	96	38	20	71	33	22	66	85	18	87	50	32	22	44	19	2	83	63	18	14	81	58	61	61	68	85	59	21	39	26	65	9	33	49	38	55	34	33	30	24	57	55	38	8	58	78	87	46	32	49	7	30	12	98	6	79	97	58	34	35	20	32	26	22	1	9	84	74	57	43	87	45	54	100	94	28	64	70	51	94	99	36	61	71
